-4.457363148955677534e-01 -2.271139607564349738e-01
-4.436259160092688170e-01 -2.304451757849128868e-01
-4.434894640405635524e-01 -2.348155485962605538e-01
-4.433519100897513887e-01 -2.392196750882904233e-01
-4.432133250095444676e-01 -2.436585518339304257e-01
-4.430735986070956089e-01 -2.481331020866265336e-01
-4.429327016225948488e-01 -2.526443168926000848e-01
-4.427906831470969085e-01 -2.571932587639030876e-01
-4.426474114293437179e-01 -2.617809135854858305e-01
-4.425029345623147092e-01 -2.664083993194624189e-01
-4.423571704340018562e-01 -2.710767867294964217e-01
-4.422100605343732282e-01 -2.757871895242636762e-01
-4.420616187243735506e-01 -2.805407978094735522e-01
-4.419118282303630685e-01 -2.853388168743375974e-01
-4.417605416187811995e-01 -2.901824012049876167e-01
-4.416078299163648246e-01 -2.950728818390945807e-01
-4.414536306727230297e-01 -3.000115410411722250e-01
-4.412978972494648877e-01 -3.049997094883213911e-01
-4.411405483290063434e-01 -3.100387333318708749e-01
-4.409815644954735436e-01 -3.151300428935771003e-01
-4.408208886558865336e-01 -3.202750857733654422e-01
-4.406585214791103877e-01 -3.254753970029187204e-01
-4.404943274999527092e-01 -3.307324589698920625e-01
-4.403283691323125471e-01 -3.360479500820118814e-01
-4.401605223375896214e-01 -3.414234610908604139e-01
-4.399907144383428670e-01 -3.468606732496460343e-01
-4.398189672671401484e-01 -3.523613984890604511e-01
-4.396451611368722978e-01 -3.579273959118732251e-01
-4.394692668659341273e-01 -3.635605572523407658e-01
-4.392912038964391641e-01 -3.692627963580671357e-01
-4.391109303644297190e-01 -3.750361256780975205e-01
-4.389283494457362211e-01 -3.808825807385998741e-01
-4.387434428815603638e-01 -3.868043373942169905e-01
-4.385561325269328181e-01 -3.928035967644467052e-01
-4.383663237794359624e-01 -3.988826242532444444e-01
-4.381739033568694541e-01 -4.050437501674712948e-01
-4.379788674008144866e-01 -4.112894926931677797e-01
-4.377811418680089273e-01 -4.176223989472088727e-01
-4.375805817814899523e-01 -4.240450436846153193e-01
-4.373771404075458835e-01 -4.305601952508730790e-01
-4.371707355112288140e-01 -4.371706944690881835e-01
-4.369612469011018852e-01 -4.438794548533497863e-01
-4.367485969163118487e-01 -4.506895483761675925e-01
-4.365326622794488132e-01 -4.576041225632592191e-01
-4.363133939490422275e-01 -4.646265308424800677e-01
-4.360906475758152268e-01 -4.717601621983898985e-01
-4.358643029171284100e-01 -4.790085716538592941e-01
-4.356342577222114265e-01 -4.863754831844616100e-01
-4.354003821169929456e-01 -4.938647477835557131e-01
-4.351625922171664662e-01 -5.014804345922191375e-01
-4.349207258913870833e-01 -5.092266989748240880e-01
-4.346746166063696903e-01 -5.171078730934900447e-01
-4.344241629556441220e-01 -5.251285600191634151e-01
-4.341692056167822389e-01 -5.332935001444109036e-01
-4.339095970626483667e-01 -5.416076646549546902e-01
-4.336451561414992883e-01 -5.500762119638343828e-01
-4.333757343689934038e-01 -5.587045835118141790e-01
-4.331011330638632195e-01 -5.674984133112755957e-01
-4.328211679900296205e-01 -5.764636245176638640e-01
-4.325356940274837636e-01 -5.856064812558141597e-01
-4.322444522875421580e-01 -5.949334007545528102e-01
-4.319472380936834055e-01 -6.044511950740252271e-01
-4.288599257775325690e-01 -6.102059024250999775e-01
-4.215822077633158971e-01 -6.099786284163806194e-01
-4.143884382766323538e-01 -6.097540214917529511e-01
-4.072762400085165879e-01 -6.095319192091686045e-01
-4.002434335277124666e-01 -6.093123465330969601e-01
-3.932877699064991073e-01 -6.090951224890860383e-01
-3.864071931113060576e-01 -6.088802597018303508e-01
-3.795996734100092196e-01 -6.086677185758214703e-01
-3.728631771379590232e-01 -6.084573571572746697e-01
-3.661957925688242299e-01 -6.082491348727971925e-01
-3.595956944474711370e-01 -6.080430655643314086e-01
-3.530610210369410362e-01 -6.078390143517371502e-01
-3.465900266205628744e-01 -6.076369547774778113e-01
-3.401809888289902273e-01 -6.074368169302012399e-01
-3.338322668164602769e-01 -6.072385925070485913e-01
-3.275422129750253375e-01 -6.070421802943499756e-01
-3.213092593619662485e-01 -6.068475436488800501e-01
-3.151318867760515841e-01 -6.066546603755782474e-01
-3.090085692102759740e-01 -6.064634181242927191e-01
-3.029379097794108189e-01 -6.062738804491681899e-01
-2.969184494065861823e-01 -6.060859168349181925e-01
-2.909488285094216642e-01 -6.058995224554112324e-01
-2.850276797452415689e-01 -6.057146060057659875e-01
-2.791537304935796659e-01 -6.055312056859429859e-01
-2.733256743787677578e-01 -6.053492209909039357e-01
-2.675422724450223222e-01 -6.051686292622995289e-01
-2.618023020443482340e-01 -6.049893786358706560e-01
-2.561046038027133265e-01 -6.048114982308704368e-01
-2.504479637294899086e-01 -6.046348250437911798e-01
-2.448312991679630346e-01 -6.044594436078846167e-01
-2.392534948128028083e-01 -6.042853028810648564e-01
-2.337134289751494620e-01 -6.041122704349568551e-01
-2.282101026022261558e-01 -6.039404665395000649e-01
-2.227424224387919705e-01 -6.037697094710712253e-01
-2.173094142829002373e-01 -6.036000725669360412e-01
-2.119100543789135815e-01 -6.034314386758686810e-01
-2.065434115467071619e-01 -6.032638928585815075e-01
-2.012084877809132144e-01 -6.030972734303441385e-01
-1.959043932375613972e-01 -6.029316794574693938e-01
-1.906301736970775762e-01 -6.027669632398384714e-01
-1.853849600147913501e-01 -6.026031834925367203e-01
-1.801678570349630470e-01 -6.024402657868689337e-01
-1.749780148922241707e-01 -6.022782303990280584e-01
-1.698145762847866891e-01 -6.021170217931164359e-01
-1.646766947438224882e-01 -6.019565657151996207e-01
-1.595635654772895318e-01 -6.017968846887326029e-01
-1.544743914812738150e-01 -6.016379840040508853e-01
-1.494083694349832570e-01 -6.014797940758849215e-01
-1.443647200640333916e-01 -6.013222860112188428e-01
-1.393426861278835582e-01 -6.011654723936205036e-01
-1.343415173882365754e-01 -6.010093498481771102e-01
-1.293604457601365554e-01 -6.008537826844736474e-01
-1.243987626527635892e-01 -6.006988523117584577e-01
-1.194557402739742369e-01 -6.005445086056072634e-01
-1.145306699483276403e-01 -6.003907447785604701e-01
-1.096228386272663780e-01 -6.002374807343289209e-01
-1.047315621550326398e-01 -6.000847389685993738e-01
-9.985615151693337521e-02 -5.999324691685083977e-01
-9.499594332882822789e-02 -5.997807245801914933e-01
-9.015025997421580173e-02 -5.996294271233100215e-01
-8.531843962740107146e-02 -5.994785438425185298e-01
-8.049983413954825417e-02 -5.993280874026722937e-01
-7.569379197354857147e-02 -5.991779982626856960e-01
-7.089968173445732047e-02 -5.990283220724398339e-01
-6.611686154801311999e-02 -5.988789733715547126e-01
-6.134470212287329582e-02 -5.987299130515454371e-01
-5.658259582763799922e-02 -5.985812674157762192e-01
-5.182990873477845428e-02 -5.984328538701345623e-01
-4.708603454327497245e-02 -5.982847147555369061e-01
-4.235036437802928294e-02 -5.981368209606281461e-01
-3.762229678146286616e-02 -5.979891907890708680e-01
-3.290122899868436201e-02 -5.978417711563386305e-01
-2.818656509945442756e-02 -5.976945566008127209e-01
-2.347771146924661212e-02 -5.975475299185528666e-01
-1.877407697586488608e-02 -5.974006622210267237e-01
-1.407507313506722174e-02 -5.972539129948815084e-01
-9.380115211402023992e-03 -5.971072897610343322e-01
-4.688619573145472695e-03 -5.969607885632514099e-01
-3.854518015334786868e-09 -5.968143939971923828e-01
4.686312882606126842e-03 -5.966680792414335022e-01
9.370909987518617409e-03 -5.965218060904657893e-01
1.405436506004793633e-02 -5.963755249896579569e-01
1.873725753495728008e-02 -5.962292942226440351e-01
2.342016618068522987e-02 -5.960831011087018849e-01
2.810366659913560161e-02 -5.959368620711662512e-01
3.278833527812146514e-02 -5.957905417920899005e-01
3.747475551216521150e-02 -5.956442126061916031e-01
4.216350507457578001e-02 -5.954978163753158471e-01
4.685516073709803525e-02 -5.953512836177554668e-01
5.155031353878207490e-02 -5.952047116691751016e-01
5.624953635413926234e-02 -5.950579486842780819e-01
6.095342300659191415e-02 -5.949110688163665728e-01
6.566255817763137770e-02 -5.947640158147801115e-01
7.037753360094720079e-02 -5.946167810434930256e-01
7.509895022075638304e-02 -5.944694031841988302e-01
7.982738860433036265e-02 -5.943217315901192510e-01
8.456346059916070024e-02 -5.941738402367172656e-01
8.930776526605971322e-02 -5.940256727426864725e-01
9.406092136651157676e-02 -5.938772784538584038e-01
9.882353266485072174e-02 -5.937285764711185410e-01
1.035962138706173208e-01 -5.935795324794969074e-01
1.083795927673350257e-01 -5.934301583025738402e-01
1.131743011618928513e-01 -5.932804528559415536e-01
1.179809630654042596e-01 -5.931303435859487383e-01
1.228002284679003686e-01 -5.929798619345761912e-01
1.276327400964308023e-01 -5.928289675026461314e-01
1.324791439275943283e-01 -5.926776065901098178e-01
1.373401159073772693e-01 -5.925258282345713390e-01
1.422163106502499219e-01 -5.923735512158292416e-01
1.471084141500672848e-01 -5.922207963949585041e-01
1.520171184695020827e-01 -5.920675700196507130e-01
1.569430909649072170e-01 -5.919137483437308944e-01
1.618870481806766737e-01 -5.917593661553642859e-01
1.668496976896547412e-01 -5.916043853544097342e-01
1.718317688608642368e-01 -5.914488098931416360e-01
1.768339977932781304e-01 -5.912926278679158099e-01
1.818571095434312890e-01 -5.911357543764312883e-01
1.869018875339638897e-01 -5.909782593661955241e-01
1.919690694861692637e-01 -5.908200252351738513e-01
1.970594347901318266e-01 -5.906610314997265965e-01
2.021738086928746292e-01 -5.905013531709843999e-01
2.073129677020789652e-01 -5.903408778416087133e-01
2.124777336211453593e-01 -5.901795881861127135e-01
2.176689570497106208e-01 -5.900175042885287269e-01
2.228874771431681445e-01 -5.898545710958933430e-01
2.281341406198313659e-01 -5.896907145993334209e-01
2.334098672832032040e-01 -5.895260078851586316e-01
2.387155219743856138e-01 -5.893603368527854380e-01
2.440520217704457984e-01 -5.891936779142228353e-01
2.494203167456634229e-01 -5.890260411060194157e-01
2.548213681041217593e-01 -5.888574142093379038e-01
2.602561237125025073e-01 -5.886877079498633591e-01
2.657255891761107214e-01 -5.885169196441093487e-01
2.712307568744488639e-01 -5.883449686261675859e-01
2.767727303352326418e-01 -5.881719665922884310e-01
2.823525000933327367e-01 -5.879977297386901336e-01
2.879711687081711879e-01 -5.878222652170306262e-01
2.936298522072082751e-01 -5.876455534864480912e-01
2.993297066959187402e-01 -5.874676010755172095e-01
3.050718475544917374e-01 -5.872882804897735509e-01
3.108574842670984162e-01 -5.871075954027604737e-01
3.166878695565320534e-01 -5.869255721400976622e-01
3.225641860721609744e-01 -5.867420492473877092e-01
3.284877727096134348e-01 -5.865570965260734626e-01
3.344598980599829408e-01 -5.863705947733738322e-01
3.404819333653237301e-01 -5.861825480724383031e-01
3.465552670176683669e-01 -5.859929259742953089e-01
3.526812732179172571e-01 -5.858016119915951947e-01
3.588614650864215272e-01 -5.856086584870840994e-01
1.057815840906736637e+00 -1.696151019563132634e+00
1.056853603206139303e+00 -1.665334720035252625e+00
1.055916517521376718e+00 -1.635325753865119802e+00
1.055003585086407236e+00 -1.606089380302850422e+00
1.054113776515425371e+00 -1.577592670805363362e+00
1.053246098355666627e+00 -1.549804489256349616e+00
1.052399591231840237e+00 -1.522695372605247677e+00
1.053015735571624312e+00 -1.498289758993316845e+00
1.536146617275971016e+00 -2.149627551905905598e+00
1.561226855012272097e+00 -2.148844299831508042e+00
1.586576581723712298e+00 -2.148052905709533000e+00
1.612202909901067072e+00 -2.147252552867533915e+00
1.638114033842709594e+00 -2.146443564695071249e+00
1.664317670869200905e+00 -2.145625290463971435e+00
1.690822208668292914e+00 -2.144797623556315980e+00
1.717636283741282632e+00 -2.143960417762834858e+00
1.744768483562904482e+00 -2.143113109016857809e+00
1.772228095002628789e+00 -2.142255637205642493e+00
1.800024515276808179e+00 -2.141387689688218465e+00
1.828167402203963787e+00 -2.140508879726591651e+00
1.856666989184060812e+00 -2.139619097728669761e+00
1.885533313214146300e+00 -2.138717595717484432e+00
1.914777468318341613e+00 -2.137804417446126148e+00
1.944410519053657582e+00 -2.136879123561635119e+00
1.974443973501384342e+00 -2.135941319783776216e+00
2.004889791383602571e+00 -2.134990640955225949e+00
2.035760391821428428e+00 -2.134026734854191254e+00
2.067068494811704404e+00 -2.133049074561192970e+00
2.098827456072902553e+00 -2.132057288170218001e+00
2.131051280449997254e+00 -2.131051135437675992e+00
2.163754125069515144e+00 -2.130029982287791945e+00
2.196950805693307363e+00 -2.128993294582073759e+00
2.230656981338196232e+00 -2.127940778565111657e+00
2.264888650872638909e+00 -2.126871859970328238e+00
1.031666939687920337e+00 -9.536630406381823022e-01
1.031187422565673861e+00 -9.383082905117324790e-01
1.030715189034569601e+00 -9.231854578856339977e-01
1.030250038689308090e+00 -9.082875206637516241e-01
1.029791669712902369e+00 -8.936076230063653147e-01
1.029339865476925908e+00 -8.791392301060187986e-01
1.028894505867635090e+00 -8.648761208686102098e-01
1.028455302852559372e+00 -8.508121523817727683e-01
1.028022172272933465e+00 -8.369415640042685567e-01
1.027594968557672184e+00 -8.232587421958410534e-01
1.027173395886566531e+00 -8.097581458326071902e-01
1.026757292623023288e+00 -7.964345281034536095e-01
1.026346641769505297e+00 -7.832829280507640490e-01
1.025941199880235910e+00 -7.702983755748061823e-01
1.025540783548758439e+00 -7.574761100040152684e-01
1.025145373093406143e+00 -7.448116449683154228e-01
1.024754637445097094e+00 -7.323004126962362470e-01
1.024368612930737887e+00 -7.199382535593780164e-01
1.023987129889138759e+00 -7.077209923449307993e-01
1.023610008575714270e+00 -6.956445780333874174e-01
1.023237261464906789e+00 -6.837052142971969948e-01
1.022868604242289203e+00 -6.718990224064180783e-01
1.022503952688281093e+00 -6.602223741051975736e-01
1.022143331005042066e+00 -6.486718176764725285e-01
1.021786473447547916e+00 -6.372438193107117232e-01
1.021433328758978742e+00 -6.259350840291143525e-01
1.021083762368595105e+00 -6.147423608038450338e-01
1.020737865344222062e+00 -6.036626260520540077e-01
1.020395241068648318e+00 -5.926926538235823827e-01
1.020056032365716847e+00 -5.818296239586270291e-01
1.686266870919244765e+00 -9.443547158306607736e-01
1.716081545528541419e+00 -9.434237045946305411e-01
1.746699201475490071e+00 -9.424676399488411960e-01
1.778156585506714515e+00 -9.414853362096835543e-01
1.810492917253843315e+00 -9.404756500730021562e-01
3.864690848452083216e+00 -1.969158097259186668e+00
3.863483163802132303e+00 -1.930472868547537857e+00
2.402277309003828965e+00 -1.176863358225593403e+00
2.405586722193470806e+00 -1.155146138164102165e+00
2.415890946776654946e+00 -1.136831833897802513e+00
2.426206930969215581e+00 -1.118496561600524020e+00
2.436535948529733986e+00 -1.100138010296821678e+00
2.446879449312028498e+00 -1.081753933186898609e+00
2.457238624857929654e+00 -1.063341950249726775e+00
2.467614843137665215e+00 -1.044899743287276639e+00
2.478009871909391926e+00 -1.026425139099591766e+00
2.488425222220854049e+00 -1.007915824161992102e+00
2.498861478977102646e+00 -9.893690904358216631e-01
2.509320287734551513e+00 -9.707826449491694376e-01
2.519802810000716597e+00 -9.521539768603398679e-01
2.530310386822970603e+00 -9.334806230193531951e-01
2.540844317043849276e+00 -9.147600789823319145e-01
2.551406531394324162e+00 -8.959900365345961903e-01
2.561997796428154839e+00 -8.771677398727873998e-01
2.572638731611447849e+00 -8.582970475846576353e-01
2.583324036379321953e+00 -8.393726946266806266e-01
3.386886191377631139e+00 -5.911060373045268213e-01
3.525367560628932750e+00 -5.867818119477434813e-01
3.675247181495299831e+00 -5.821017177019188749e-01
3.838013108020069453e+00 -5.770191943225152498e-01
4.015424813591788045e+00 -5.714793034945917505e-01
4.168939249049693707e+00 -5.599582585839091298e-01
4.196903068600938980e+00 -5.301918659887393526e-01
4.225187745217116486e+00 -5.000836313982214287e-01
4.253802875612269219e+00 -4.696239131998419802e-01
4.282757912597629613e+00 -4.388026936625941121e-01
4.312061682651243011e+00 -4.076095357624915927e-01
4.341725226889682432e+00 -3.760338505213418059e-01
4.371758473830466230e+00 -3.440645437839912613e-01
4.402172130362014713e+00 -3.116901902482672737e-01
4.396625333205950170e+00 3.807893712196068203e-01
4.395541298236563144e+00 4.155013377446510336e-01
4.394456320982383701e+00 4.502477478483846718e-01
4.393370496408222969e+00 4.850329749033331916e-01
3.289432687604992633e+00 3.893302837407344730e-01
3.097485648896386223e+00 3.913036916175866020e-01
3.107189111355149969e+00 4.173479307367413682e-01
3.122400316742906412e+00 4.443836324162616647e-01
3.137795624393246108e+00 4.717467312570418625e-01
3.153380659928133323e+00 4.994466979634410997e-01
3.169160623687578227e+00 5.274932307306282597e-01
3.185143339875603719e+00 5.558967759629719341e-01
3.201332898719670528e+00 5.846674793408828119e-01
3.217734827318838864e+00 6.138160272092267888e-01
3.234355838259444837e+00 6.433536612778273378e-01
3.251202178203811410e+00 6.732918918380135231e-01
3.268302464668182417e+00 7.036474026057848441e-01
4.377958381439132296e+00 9.785900338575509450e-01
4.376837407018573600e+00 1.014496836081333564e+00
4.375712307959163994e+00 1.050515981997679704e+00
4.374583916477838841e+00 1.086652696317420341e+00
4.373452027940430753e+00 1.122912032655398962e+00
4.279018759368243607e+00 1.134561668410339230e+00
4.130280362395234661e+00 1.129917238265667923e+00
3.990956948141420213e+00 1.125566650859448625e+00
2.539294477144943940e+00 1.075252588873159665e+00
2.480520479680521362e+00 1.073417345860672834e+00
2.424031467615858748e+00 1.071653379400442363e+00
2.369690484548364395e+00 1.069956555343924531e+00
2.317370862095074813e+00 1.068322872210030194e+00
2.266955483014662320e+00 1.066748546477903625e+00
2.218336694550485433e+00 1.065230374261970203e+00
2.171414500555600924e+00 1.063765251201197914e+00
2.126095851545502402e+00 1.062350141808600545e+00
2.082294580556670383e+00 1.060982341266820228e+00
2.039930909812473825e+00 1.059659515412050279e+00
1.998930119001413930e+00 1.058379272454397224e+00
1.959222498706663540e+00 1.057139352521348830e+00
1.920743299474739096e+00 1.055937815715798811e+00
1.883431636457948422e+00 1.054772646127899005e+00
1.847231074183006250e+00 1.053642250312044393e+00
1.812088335725010602e+00 1.052544906057127472e+00
1.778182500668813670e+00 1.051614444274492133e+00
1.769022755808373537e+00 1.065038571784709953e+00
1.768439930015749173e+00 1.083701633061533887e+00
1.767851825139718169e+00 1.102532722995425152e+00
1.767258497152858876e+00 1.121536602998494336e+00
1.766659478892468105e+00 1.140717836566797150e+00
1.766054984354188839e+00 1.160081556820950821e+00
1.765444499063456352e+00 1.179632568500992962e+00
1.764827977180301044e+00 1.199376126373025597e+00
1.764205235882151168e+00 1.219317549581276250e+00
1.763576148754335327e+00 1.239462356315608416e+00
1.762940638740595922e+00 1.259816268996638566e+00
1.762298285180915025e+00 1.280384939025881241e+00
1.761649094656290826e+00 1.301174503146232286e+00
1.760992910591025584e+00 1.322191173886525517e+00
1.760329221766724794e+00 1.343441091994125092e+00
1.759658296444240211e+00 1.364931192827936624e+00
1.758979466666258817e+00 1.386667911902725425e+00
1.758292823892373180e+00 1.408658493807916967e+00
1.757598078452910606e+00 1.430910122410156138e+00
2.388557143552411333e+00 1.975986759292374773e+00
2.349259738072065229e+00 1.974759562104440702e+00
2.310737565436710828e+00 1.973556767164426962e+00
2.272962791197735477e+00 1.972377081877371596e+00
2.235909866788416966e+00 1.971220153475776060e+00
2.199553522389025684e+00 1.970084904302490392e+00
2.163870014811629883e+00 1.968970662222414791e+00
2.128836571339116635e+00 1.967876730812712527e+00
2.094431202876454901e+00 1.966802260464669549e+00
2.060633386622964469e+00 1.965746933754674908e+00
2.027423004854175925e+00 1.964710023749294709e+00
1.994780518925482138e+00 1.963690573991757393e+00
1.962688146623597696e+00 1.962688597994631801e+00
1.931127805366213090e+00 1.961703105751329890e+00
1.900082634642560775e+00 1.960733630289709817e+00
5.857819580620305944e-01 6.140578907454000701e-01
5.763624018412365491e-01 6.137637622123202075e-01
5.670896030892178530e-01 6.134742203968220897e-01
5.579590298389053293e-01 6.131891120195188671e-01
5.489663261234920544e-01 6.129082926417710464e-01
5.401073484156738713e-01 6.126316774842408552e-01
5.313780435584720685e-01 6.123591139313644405e-01
5.227744877534598045e-01 6.120904296990662408e-01
5.142930384059676285e-01 6.118256196860669682e-01
5.059300213264900092e-01 6.115644888521761802e-01
4.976819619101779391e-01 6.113069277396120382e-01
4.895455423832333341e-01 6.110528730738996606e-01
4.815174872870651157e-01 6.108021728547678997e-01
4.735947112024784800e-01 6.105547758298611738e-01
4.657742044227607403e-01 6.103105961666872581e-01
4.580529967677748338e-01 6.100694682166670768e-01
4.504283360740978792e-01 6.098313872463643204e-01
4.428974699562313599e-01 6.095962280563211877e-01
4.354577876099933742e-01 6.093639384939572023e-01
4.281067125546636487e-01 6.091343981679078201e-01
4.208417716210516302e-01 6.089075173939234586e-01
4.136606257876301873e-01 6.086832900364931298e-01
4.065609330369591157e-01 6.084616000491803733e-01
3.995404495415679769e-01 6.082423704149264587e-01
3.925970268094052251e-01 6.080255665261159459e-01
3.857285448795750860e-01 6.078110988358790268e-01
3.789329763663317197e-01 6.075989247402842075e-01
3.722083211387029467e-01 6.073889501432251370e-01
3.655526379604508436e-01 6.071810812177623751e-01
3.589641343882843394e-01 6.069753802282153998e-01
3.524409200490379312e-01 6.067716586281385327e-01
3.459813108379892199e-01 6.065699907107950928e-01
3.395835262819704714e-01 6.063702011864307018e-01
3.332459568690464002e-01 6.061723312619338166e-01
3.269669281131801775e-01 6.059762252655360726e-01
3.207449305459680877e-01 6.057819492721613353e-01
3.145784177337966336e-01 6.055894269115866813e-01
3.084658651798299345e-01 6.053985439204667696e-01
3.024058508943405221e-01 6.052093086511149966e-01
2.963969710684786207e-01 6.050216951665575715e-01
2.904378148495981304e-01 6.048355899805473168e-01
2.845270685371638075e-01 6.046510072593336282e-01
2.786634349307679503e-01 6.044679299182423859e-01
2.728456093223717294e-01 6.042862557262020928e-01
2.670723785492400970e-01 6.041060148459759249e-01
2.613424967213629491e-01 6.039270996125523094e-01
2.556547829591133691e-01 6.037494826201776910e-01
2.500080947556805322e-01 6.035731639201585841e-01
2.444012815121007209e-01 6.033980618139908048e-01
2.388332749111853615e-01 6.032242340272256920e-01
2.333029537830065281e-01 6.030515471393069760e-01
2.278092774697647593e-01 6.028800089280765828e-01
2.223511971537646126e-01 6.027095475638878375e-01
2.169277190092842034e-01 6.025401793732245714e-01
2.115378606817583107e-01 6.023718982940716726e-01
2.061806323386673467e-01 6.022046197831485426e-01
2.008550958300645839e-01 6.020383499925623383e-01
1.955603053445403028e-01 6.018730175145902139e-01
1.902953459146104198e-01 6.017085866055523757e-01
1.850593490449867762e-01 6.015451151698966159e-01
1.798514031621971654e-01 6.013824708779000883e-01
1.746706604192198031e-01 6.012206728285692803e-01
1.695162817284783796e-01 6.010597217122791713e-01
1.643874370473929758e-01 6.008996000394299930e-01
1.592832903838890535e-01 6.007402147590399366e-01
1.542030468078937899e-01 6.005815701001037121e-01
1.491459194566954471e-01 6.004236533000582021e-01
1.441111297950288250e-01 6.002664348126478533e-01
1.390979213303258355e-01 6.001099265844672681e-01
1.341055185762017044e-01 5.999540082816513520e-01
1.291332071365810519e-01 5.997987760856918760e-01
1.241802281019900173e-01 5.996440779553092737e-01
1.192458920987522208e-01 5.994900380144895236e-01
1.143294675282987560e-01 5.993365321140867730e-01
1.094302542292823616e-01 5.991835380084350460e-01
1.045475688530248110e-01 5.990310776945956261e-01
9.968072319862091024e-02 5.988791003781362976e-01
9.482904537793900024e-02 5.987275999699493978e-01
8.999186885044001272e-02 5.985765566704605023e-01
8.516853262445910067e-02 5.984259371052987886e-01
8.035838939077317999e-02 5.982757535376675984e-01
7.556078845723786241e-02 5.981259460422639895e-01
7.077509227317871354e-02 5.979765007107595842e-01
6.600066775519582152e-02 5.978273908187135000e-01
6.123689254779179220e-02 5.976786362312916934e-01
5.648314726823835258e-02 5.975302444063760321e-01
5.173880539858963235e-02 5.973820917093638494e-01
4.700326151041709505e-02 5.972342202137671530e-01
4.227590760468102199e-02 5.970866005586409342e-01
3.755613936045722190e-02 5.969391913288840668e-01
3.284336285757936957e-02 5.967920581726245954e-01
2.813697603322925025e-02 5.966450764380482052e-01
2.343638990332502781e-02 5.964982882412949161e-01
1.874101609779983343e-02 5.963517241201021779e-01
1.405026281173872398e-02 5.962052242925609535e-01
9.363548543036948058e-03 5.960588557253501119e-01
4.680290554552914151e-03 5.959126143673499909e-01
-9.262387433662398483e-08 5.957664847373890238e-01
-4.678181033972948592e-03 5.956204399552794682e-01
-9.354552191876955650e-03 5.954743821775289048e-01
-1.402978420466583637e-02 5.953283810306645440e-01
-1.870445514182263874e-02 5.951824351909736910e-01
-2.337914053480840901e-02 5.950364724325764021e-01
-2.805441649380967933e-02 5.948904688095310034e-01
-3.273086188682736153e-02 5.947444485791548718e-01
-3.740905303116352776e-02 5.945983650981484514e-01
-4.208956961529635582e-02 5.944522198635744381e-01
-4.677299219655498691e-02 5.943060029293748547e-01
-5.145989689536679262e-02 5.941596335012313546e-01
-5.615086972896235484e-02 5.940131381472398830e-01
-6.084649895979784423e-02 5.938665317684060918e-01
-6.554736838759105122e-02 5.937197583005716650e-01
-7.025406186141404385e-02 5.935727501205786405e-01
-7.496718552629427768e-02 5.934256054374869027e-01
-7.968732701331854296e-02 5.932782329295682722e-01
-8.441508189737907675e-02 5.931305886284679030e-01
-8.915105584675632466e-02 5.929826755738145661e-01
-9.389586676428308964e-02 5.928345434153470261e-01
-9.865011756018896016e-02 5.926861115754226139e-01
-1.034144118469532553e-01 5.925372873609562330e-01
-1.081893965986214373e-01 5.923882004684191127e-01
-1.129756818281123787e-01 5.922387328425473552e-01
-1.177739125913610796e-01 5.920889295080757897e-01
-1.225847152552631408e-01 5.919387053142967092e-01
-1.274087428964993107e-01 5.917880788472180686e-01
-1.322466406789151727e-01 5.916369968601612461e-01
-1.370990837424301279e-01 5.914855088610814215e-01
-1.419667119879031436e-01 5.913334761592707878e-01
-1.468502236220969870e-01 5.911809782997708984e-01
-1.517503099257426491e-01 5.910280220617666336e-01
-1.566676222049376843e-01 5.908744266333301187e-01
-1.616029063379590680e-01 5.907203427166856091e-01
-1.665568543166305038e-01 5.905656750606386174e-01
-1.715301781313394447e-01 5.904103709768013797e-01
-1.765236117932196813e-01 5.902544195721337594e-01
-1.815379133385780219e-01 5.900978509315641940e-01
-1.865738308684873059e-01 5.899406215904251516e-01
-1.916321184759155472e-01 5.897826717347141035e-01
-1.967135548542972567e-01 5.896239815788997252e-01
-2.009522157554602395e-01 5.869330621646962065e-01
-2.047111934971539704e-01 5.829318079629739469e-01
-2.084396354207114777e-01 5.789630451925464882e-01
-2.121383657848041893e-01 5.750258944826548424e-01
-2.158081769532957661e-01 5.711194677617708049e-01
-2.194498938686494927e-01 5.672430356586775080e-01
-2.230642489045020493e-01 5.633956930610867220e-01
-2.266519871640996775e-01 5.595766384798424031e-01
-2.302138707964341280e-01 5.557851729055521828e-01
-2.337505903139567021e-01 5.520204790159159991e-01
-2.372628312505286885e-01 5.482817876195950069e-01
-2.407513003894707626e-01 5.445684317946847264e-01
-2.442166564297910125e-01 5.408796825348269888e-01
-2.476595577194120046e-01 5.372148584396931881e-01
-2.510806389755994572e-01 5.335732712878246131e-01
-2.544805112540007297e-01 5.299542264958577720e-01
-2.578597881471975106e-01 5.263570771039859375e-01
-2.612190878658252613e-01 5.227812231963430145e-01
-2.645590082421511169e-01 5.192260581633655336e-01
-2.678800717412915811e-01 5.156908633056388469e-01
-2.711828886299161856e-01 5.121751264588944030e-01
-2.744680237251614918e-01 5.086782757574270786e-01
-2.777359655715517794e-01 5.051996288475724128e-01
-2.809872970621450361e-01 5.017387075460576495e-01
-2.842225264107842708e-01 4.982949230084101622e-01
-2.874421728518657404e-01 4.948677329805001857e-01
-2.906467383046998365e-01 4.914565896678854129e-01
-2.938367380896930725e-01 4.880609911251505562e-01
-2.970126406200265801e-01 4.846803787228843308e-01
-3.001749284573436705e-01 4.813142398218517304e-01
-3.033240683425700301e-01 4.779620565248852149e-01
-3.064605758325828488e-01 4.746234061164995022e-01
-3.095848555783284328e-01 4.712977097106103574e-01
-3.126973940994001722e-01 4.679845337161886998e-01
-3.157986316017394324e-01 4.646833890445632442e-01
-3.188889938843318395e-01 4.613937816966819927e-01
-3.219689608579874296e-01 4.581153105554394700e-01
-3.250388970667514310e-01 4.548474224658218823e-01
-3.280992911717823812e-01 4.515897540892324091e-01
-3.311505510354402770e-01 4.483418389941993820e-01
-3.341930356769920452e-01 4.451031582891299965e-01
-3.372272341808813523e-01 4.418733791781560005e-01
-3.402535173870707141e-01 4.386520198339326493e-01
-3.432722798714806789e-01 4.354386411011402780e-01
-3.462839417571460521e-01 4.322328452715297753e-01
-3.492889128626822104e-01 4.290342285926078691e-01
-3.522875166541671321e-01 4.258422895894146687e-01
-3.552802167088807694e-01 4.226567059953099670e-01
-3.582673528786287642e-01 4.194770116646764913e-01
-3.612492921265559875e-01 4.163027813465831062e-01
-3.642265090961882001e-01 4.131337187675340750e-01
-3.671992731740892912e-01 4.099692969499350026e-01
-3.701680007151192942e-01 4.068091629175807911e-01
-3.731331001088318278e-01 4.036529565227332528e-01
-3.760948900836008635e-01 4.005002236692917217e-01
-3.790537607855811175e-01 3.973505921671986463e-01
-3.820100941564891217e-01 3.942036830587531404e-01
-3.849642638474172762e-01 3.910591107441637182e-01
-3.879165929874324736e-01 3.879164409612074205e-01
-3.908675223583921166e-01 3.847753598323320201e-01
-3.938173156206701830e-01 3.816353786379470536e-01
-3.967663977168754408e-01 3.784961697807351921e-01
-3.997151440332767369e-01 3.753573561559481742e-01
-4.026638786746162824e-01 3.722185129443391083e-01
-4.056130050366947293e-01 3.690792897881896573e-01
-4.085628756726863986e-01 3.659392881479492932e-01
-4.115138353222065337e-01 3.627981025538701276e-01
-4.144662658319057669e-01 3.596553597815606573e-01
-4.174204969387535491e-01 3.565106397697496154e-01
-4.203769871394008595e-01 3.533636309070468107e-01
-4.233360066103480923e-01 3.502138587994875207e-01
-4.262979546530450969e-01 3.470609569740590872e-01
-4.292632244909437844e-01 3.439045497543076757e-01
-4.322321563136393152e-01 3.407442154317488758e-01
-4.352051298822494085e-01 3.375795612481841679e-01
-4.381825658399559620e-01 3.344102216394121418e-01
-4.411647839850466601e-01 3.312357490835428631e-01
-4.441521920794950784e-01 3.280557595630093637e-01
-4.471451920591884566e-01 3.248698588227719175e-01
-4.501440828720423282e-01 3.216775731228547208e-01
-4.531493989582521809e-01 3.184785930333884907e-01
-4.561613774659425413e-01 3.152723911646148069e-01
-4.591803444336260975e-01 3.120585017799246685e-01
