-9.466131329536402461e-01 8.275555167084304250e-08
-9.398696220706082016e-01 -7.381788743745371084e-03
-9.332206986453748243e-01 -1.466012137922988699e-02
-9.266635478730297359e-01 -2.183795691642446968e-02
-9.201955438942399645e-01 -2.891823094035609817e-02
-9.138141327011460868e-01 -3.590377689996607918e-02
-9.075167150725148568e-01 -4.279732456924209560e-02
-9.013008867795758716e-01 -4.960151258006605113e-02
-8.951644401885636704e-01 -5.631889723476485310e-02
-8.891049494582571322e-01 -6.295193187144498825e-02
-8.831204265648232576e-01 -6.950301081649565282e-02
-8.772086091578288336e-01 -7.597442588134445396e-02
-8.713675565040639448e-01 -8.236841268906561209e-02
-8.655952941947507862e-01 -8.868712779898858811e-02
-8.598898157792271846e-01 -9.493264831300021744e-02
-8.542493803600359481e-01 -1.011070065368199489e-01
-8.486722171396954284e-01 -1.072121639030940016e-01
-8.431564678085827769e-01 -1.132500026984800401e-01
-8.377006014009545920e-01 -1.192223822186799093e-01
-8.323028832860497328e-01 -1.251310726240026927e-01
-8.269617307531132999e-01 -1.309778036496725140e-01
-8.216756544904687543e-01 -1.367642614933296252e-01
-8.164431416584657653e-01 -1.424920726810445515e-01
-8.112627743826221760e-01 -1.481628252393013823e-01
-8.061331715711950174e-01 -1.537780619022570128e-01
-8.010528727039565311e-01 -1.593392589325759445e-01
-7.960206312497619674e-01 -1.648478840539831514e-01
-7.910351225427993960e-01 -1.703053427027969857e-01
-7.860950616383548528e-01 -1.757130015501494336e-01
-7.811993199768968443e-01 -1.810722175298044578e-01
-7.763466350012467876e-01 -1.863842749367318752e-01
-7.715358435662326153e-01 -1.916504381829252368e-01
-7.667658817770413027e-01 -1.968719561950811603e-01
-7.620355542660242065e-01 -2.020500056962859781e-01
-7.573439386988988220e-01 -2.071857966339508972e-01
-7.526898672567861048e-01 -2.122804377286586219e-01
-7.480723306179727361e-01 -2.173350437262619450e-01
-7.434904197482400390e-01 -2.223507249568633382e-01
-7.389430974391035800e-01 -2.273285215939231108e-01
-7.344293708989547698e-01 -2.322694529791047569e-01
-7.299484618776415079e-01 -2.371745750156194765e-01
-7.254993521526502676e-01 -2.420448380619876494e-01
-7.210811818674601748e-01 -2.468812130850082109e-01
-7.166931354982669644e-01 -2.516846587265441637e-01
-7.123343295466018077e-01 -2.564560830342034192e-01
-7.080039817068057850e-01 -2.611964030562557437e-01
-7.037011868403952874e-01 -2.659064648779547735e-01
-6.994252527560653743e-01 -2.705871681946108165e-01
-6.951753649225499432e-01 -2.752393433237481091e-01
-6.909508096911378683e-01 -2.798638362662605461e-01
-6.867508078895994128e-01 -2.844614445455886376e-01
-6.825746260026838153e-01 -2.890329614487970877e-01
-6.784215210856026079e-01 -2.935791544456715640e-01
-6.742909048118040927e-01 -2.981008374238548475e-01
-6.701819608447098231e-01 -3.025987053435186258e-01
-6.660940821632281850e-01 -3.070735252549312566e-01
-6.620266519179138776e-01 -3.115260432427359172e-01
-6.579789363724469764e-01 -3.159569327399711636e-01
-6.539503014567660255e-01 -3.203668951283351607e-01
-6.499401578420928027e-01 -3.247566372531728307e-01
-6.459479071823259755e-01 -3.291268463887209172e-01
-6.419728366974474243e-01 -3.334781352106387931e-01
-6.380144904552071949e-01 -3.378112328163455635e-01
-6.340721921883365475e-01 -3.421267402842756433e-01
-6.301453634391934733e-01 -3.464252946301946690e-01
-6.262334176832868859e-01 -3.507075146173594393e-01
-6.223358642182970080e-01 -3.549740597549435051e-01
-6.184520484643186711e-01 -3.592254846087366560e-01
-6.145815149210150929e-01 -3.634624450400883999e-01
-6.107236452920860037e-01 -3.676854910120366249e-01
-6.068779164834909867e-01 -3.718952162028553166e-01
-6.030438479077604441e-01 -3.760922304060769772e-01
-5.992208998644452667e-01 -3.802770975620404781e-01
-5.954085251235419207e-01 -3.844503660288599578e-01
-5.916062190230867435e-01 -3.886126012405823893e-01
-5.878134688968820187e-01 -3.927643544818643639e-01
-5.840298036219849775e-01 -3.969061963123895476e-01
-5.802546944792669192e-01 -4.010386506450223099e-01
-5.764877030088074727e-01 -4.051622955524583625e-01
-5.727282360801908556e-01 -4.092775937443204892e-01
-5.689758877377057988e-01 -4.133851320063506862e-01
-5.652301942269757351e-01 -4.174854516521199210e-01
-5.614905878919344007e-01 -4.215790107353191707e-01
-5.577566844891257425e-01 -4.256663971854813266e-01
-5.540279480539715973e-01 -4.297480804527397669e-01
-5.503039762155572667e-01 -4.338246272441137474e-01
-5.465842169502314052e-01 -4.378964833493682596e-01
-5.428682504729982483e-01 -4.419641938343594201e-01
-5.391556472319219973e-01 -4.460282944271987127e-01
-5.354458767984415779e-01 -4.500892346836092295e-01
-5.317384923330615853e-01 -4.541475291289134852e-01
-5.280330827146741957e-01 -4.582037216636596910e-01
-5.243291370162330711e-01 -4.622582689510310039e-01
-5.206262253317358590e-01 -4.663116958412252266e-01
-5.169239076456976223e-01 -4.703645185224198944e-01
-5.132216901880379822e-01 -4.744172039194812784e-01
-5.095191140551406095e-01 -4.784702494456959943e-01
-5.058157537550158622e-01 -4.825241845893610826e-01
-5.021111301065152022e-01 -4.865794895050240543e-01
-4.984047969320425930e-01 -4.906366768072858986e-01
-4.946962973944580289e-01 -4.946962509517450202e-01
-4.909851641050507753e-01 -4.987587080768256520e-01
-4.872709192335354933e-01 -5.028245358468377280e-01
-4.835531157622391385e-01 -5.068942564244105498e-01
-1.665837288195101795e+00 -2.147584311924233713e+00
-1.639880024457977648e+00 -2.148757509169414881e+00
-1.614204050282486813e+00 -2.149917763630200263e+00
-1.588801923227516122e+00 -2.151065719016975741e+00
-1.563666281160962290e+00 -2.152201823234662026e+00
-1.538789568485619430e+00 -2.153325942639423562e+00
-1.514165151578002577e+00 -2.154438913974410230e+00
-1.489786056254423174e+00 -2.155540813852619308e+00
-1.465645529992097851e+00 -2.156631733527032413e+00
-1.441737169844818700e+00 -2.157711984652802339e+00
-1.418055040829500291e+00 -2.158782311118376818e+00
-1.394592879319763279e+00 -2.159842704627264798e+00
-1.371344630330188830e+00 -2.160893196456711518e+00
-1.348304820919563385e+00 -2.161934471443760053e+00
-1.325467783610813299e+00 -2.162966669981855272e+00
-1.299055725532946903e+00 -2.157724193563652637e+00
-1.249069130553156493e+00 -2.112060391630355305e+00
-1.201588410581959421e+00 -2.068685784116024884e+00
-1.156424161379106641e+00 -2.027427224906214853e+00
-1.113405965990491131e+00 -1.988129255137033313e+00
-1.072379181324450537e+00 -1.950650339798765565e+00
-1.033204182566465734e+00 -1.914863168254322234e+00
-9.957537098441063828e-01 -1.880651351592153464e+00
-9.599121417831067982e-01 -1.847909395400729071e+00
-9.255735898505180748e-01 -1.816540312978642602e+00
-8.926417134944225618e-01 -1.786456359605607114e+00
-8.610278827443905714e-01 -1.757576448268986180e+00
-8.306509155312079562e-01 -1.729826497758904624e+00
-8.014359926885034069e-01 -1.703138049553803102e+00
-7.733142931092469308e-01 -1.677448248506873574e+00
-7.462223405927832509e-01 -1.652699160408404255e+00
-7.212267967354814013e-01 -1.631382689467661740e+00
-9.263430164712692649e-01 -2.394450269015258481e+00
-9.110947385644176943e-01 -2.411142080021617229e+00
-8.957244524155866250e-01 -2.427967185055214028e+00
-8.802288824609088014e-01 -2.444929590750478887e+00
-8.646045317454681411e-01 -2.462033045133129594e+00
-8.488478453906038723e-01 -2.479281482862283337e+00
-8.329550510734937685e-01 -2.496678573219269115e+00
-8.169225365498266056e-01 -2.514228848106327074e+00
-8.007463829797833998e-01 -2.531936346871240584e+00
-7.844225933248215599e-01 -2.549805291126604700e+00
-7.679471520452998412e-01 -2.567840312929181135e+00
-7.513158744547079326e-01 -2.586045999070186063e+00
-7.345244070350457344e-01 -2.604426887693023662e+00
-7.175683536298909093e-01 -2.622987924848197760e+00
-7.004431966811697219e-01 -2.641734235527221308e+00
-3.243625262999846881e-01 -1.263308529901156385e+00
-3.107093164535137397e-01 -1.250836056806333918e+00
-2.973746697083377022e-01 -1.238654541854363966e+00
-2.843460112013958541e-01 -1.226752611832438333e+00
-2.716113463556239505e-01 -1.215119211530325982e+00
-2.591593426077405393e-01 -1.203744084282273974e+00
-2.469791713163568270e-01 -1.192617206079169989e+00
-2.350606094150365089e-01 -1.181729382363076564e+00
-2.233938675596012502e-01 -1.171071561736119593e+00
-2.119696652621457511e-01 -1.160635315252665167e+00
-2.007791402532912439e-01 -1.150412497341389617e+00
-1.898138720675696667e-01 -1.140395491134281514e+00
-1.790658011115387471e-01 -1.130576866492557286e+00
-1.685272705140384852e-01 -1.120949742151501116e+00
-1.581909167758966950e-01 -1.111507205852263258e+00
-1.480497784818204376e-01 -1.102243147781927668e+00
-1.380971119163289240e-01 -1.093151088437998464e+00
-1.283265564798331537e-01 -1.084225484866868205e+00
-1.187319770272296376e-01 -1.075460674381921056e+00
-1.093075020902959660e-01 -1.066851235031136103e+00
-1.000475115969578083e-01 -1.058391991698792500e+00
-9.094663476953415704e-02 -1.050078140664311821e+00
-8.199971426394045415e-02 -1.041905017789271026e+00
-7.320178140858388249e-02 -1.033867865446276957e+00
-6.454810245431638616e-02 -1.025962550288665565e+00
-5.603411250728608517e-02 -1.018184854671204453e+00
-4.765542794794828951e-02 -1.010530718321625221e+00
-6.137517860698404881e-02 -1.562102269761397322e+00
-4.949958635278300240e-02 -1.575101971981617277e+00
-3.743069259487621231e-02 -1.588313425008116786e+00
-2.516220520601922597e-02 -1.601743242632458486e+00
-1.268758423579710061e-02 -1.615398769766881015e+00
-1.052273127547297785e-08 -1.629287362098693848e+00
1.290762126754801085e-02 -1.643416857177661727e+00
2.604272074607587306e-02 -1.657795329978668075e+00
3.941301980461588139e-02 -1.672431324857404311e+00
5.302658302284098818e-02 -1.687333491134565877e+00
6.689184323616738370e-02 -1.702511290802685151e+00
8.101760327622202496e-02 -1.717974275657092154e+00
9.541306285472046789e-02 -1.733732436553073963e+00
1.100878471708790635e-01 -1.749796313529580427e+00
1.250520409698296920e-01 -1.766177105036596862e+00
1.403161812661276042e-01 -1.782886181905446898e+00
1.558913200565020529e-01 -1.799935671315600505e+00
1.717890475269500394e-01 -1.817338325852536629e+00
1.880215094441695656e-01 -1.835107392275584060e+00
2.046014579754878993e-01 -1.853256835621049037e+00
4.634684330781098649e-01 -3.915825032386019533e+00
4.996932020038828415e-01 -3.955478987352715858e+00
5.367333135504440689e-01 -3.996025397905827337e+00
5.746213053945338212e-01 -4.037499710737882275e+00
6.133915473662722162e-01 -4.079940030896748837e+00
6.530801371584509241e-01 -4.123385661476404174e+00
4.060236329230931807e-01 -2.439376807208617937e+00
4.247684320639118494e-01 -2.433813340238853318e+00
4.438012117935433709e-01 -2.430024109196442961e+00
4.628291797793582796e-01 -2.426235484163949074e+00
4.818547836485343461e-01 -2.422447536943309832e+00
5.008803321737187453e-01 -2.418659589837444557e+00
5.199081176215722966e-01 -2.414870920525352460e+00
5.389406231694953142e-01 -2.411081693046376540e+00
5.579800742880212105e-01 -2.407290859422801521e+00
5.770291716406579230e-01 -2.403499415763420188e+00
5.960899653503782814e-01 -2.399705523592464029e+00
6.151648124382216309e-01 -2.395908693236823428e+00
6.342561862960308661e-01 -2.392108848707644508e+00
6.533663166146467249e-01 -2.388304943059047947e+00
6.724977349908671798e-01 -2.384497033381037578e+00
6.916527871979527564e-01 -2.380684436640711166e+00
7.108338103801313812e-01 -2.376866422532514900e+00
7.300433426845429619e-01 -2.373042897188764933e+00
7.492875283291025035e-01 -2.369225078993725031e+00
7.685703738402596130e-01 -2.365416308380994703e+00
1.491783600125089260e+00 -2.817488806472381757e+00
1.561285913112151258e+00 -2.893570344550392193e+00
1.635287873596144914e+00 -2.974577462386220006e+00
1.714251196907695229e+00 -3.061015624661931778e+00
1.798702908215919605e+00 -3.153461746023770385e+00
1.889247262102002001e+00 -3.252577201650184602e+00
1.986580756182616092e+00 -3.359124447934963786e+00
2.038822323538886483e+00 -3.386472416854292788e+00
2.076270085329348536e+00 -3.388164675284299765e+00
2.114118193157785264e+00 -3.389875241164682418e+00
2.152377582347280160e+00 -3.391604199138372522e+00
2.191060103336435638e+00 -3.393352557514003998e+00
2.230177254904607498e+00 -3.395120221323124632e+00
2.269741604570442384e+00 -3.396908189388355481e+00
2.309765899696030189e+00 -3.398717133696258497e+00
2.350263061676311160e+00 -3.400547394959199110e+00
2.391246180052073456e+00 -3.402398978263146745e+00
2.867645222742909894e+00 -2.959180116137753114e+00
2.891556234711055495e+00 -2.937337000491192285e+00
2.915481370953387774e+00 -2.915481172562704337e+00
2.939423306422820126e+00 -2.893609630029000179e+00
2.173402284156527031e+00 -2.106173191228277730e+00
2.045449820712114786e+00 -1.951261946778941159e+00
2.069691808101838948e+00 -1.943569836763001435e+00
2.096720548193981681e+00 -1.938188398248080091e+00
2.124059383313677163e+00 -1.932745188012153337e+00
2.151717286881565272e+00 -1.927238610494143245e+00
2.179702941045051023e+00 -1.921666494304634432e+00
2.208026880377974788e+00 -1.916027979386169644e+00
2.236698828874875034e+00 -1.910321121668604238e+00
2.265727846374845367e+00 -1.904543079530022442e+00
2.295124320024207965e+00 -1.898691812164726711e+00
2.324899261393650107e+00 -1.892765425166891280e+00
2.355063388060069762e+00 -1.886761401106447078e+00
2.385634969684522488e+00 -1.880682811121501707e+00
2.416661340593716290e+00 -1.874554530277176001e+00
3.327276578932513385e+00 -2.539296992961061150e+00
3.351975354610681634e+00 -2.516734069091685733e+00
3.376747504937891442e+00 -2.494104189260172522e+00
3.401596700916133198e+00 -2.471404447432740792e+00
3.426525416359050613e+00 -2.448631003778514170e+00
3.398142105732320672e+00 -2.388254054317584085e+00
3.299872594144629634e+00 -2.280682089425008385e+00
3.208100467527029043e+00 -2.180222621237177361e+00
2.189563821699362478e+00 -1.072656109515901512e+00
2.154993049670718808e+00 -1.034812786473887858e+00
2.121744658203558842e+00 -9.984171156676839853e-01
2.089740663357940509e+00 -9.633835089527703621e-01
2.058908565117156808e+00 -9.296327327236360016e-01
2.029181323267212900e+00 -8.970915498966965940e-01
2.000497541077106423e+00 -8.656924627829757357e-01
1.972799666684799558e+00 -8.353726153855730585e-01
1.946034351680574925e+00 -8.060736975907232260e-01
1.920152367318057163e+00 -7.777416570688545638e-01
1.895107624919421196e+00 -7.503260676586300804e-01
1.870857060471093680e+00 -7.237798914564399499e-01
1.847360622934030694e+00 -6.980592913226142393e-01
1.824581033289071952e+00 -6.731233640638495386e-01
1.802483309938751388e+00 -6.489338067285654876e-01
1.781034618853678753e+00 -6.254547260816180065e-01
1.760204230039225770e+00 -6.026524957713113029e-01
1.739963356523482219e+00 -5.804955796782852451e-01
1.720284987314298020e+00 -5.589543646067804961e-01
1.701143487275625699e+00 -5.380009305687687426e-01
1.686613044447811349e+00 -5.188698139901350981e-01
1.691060472204320542e+00 -5.057342094074531724e-01
1.703049939731794638e+00 -4.947816351650719535e-01
1.715154754969308915e+00 -4.837235573346594930e-01
1.727378298232442821e+00 -4.725571153117466561e-01
1.739723686512918421e+00 -4.612792633235919260e-01
1.752194461410629955e+00 -4.498869576081534483e-01
1.764794012906624854e+00 -4.383769948856818810e-01
1.777526039285155290e+00 -4.267461285065161092e-01
1.790393967149186416e+00 -4.149909205377745880e-01
1.803401877279195986e+00 -4.031079592639619791e-01
1.816553575716279401e+00 -3.910936314399846014e-01
1.829853055704441456e+00 -3.789442285067115002e-01
1.843304613564990202e+00 -3.666559611086212533e-01
1.856912497040889454e+00 -3.542248787501778295e-01
1.870681136574462666e+00 -3.416469130911305441e-01
1.884615143695150818e+00 -3.289178692421945160e-01
1.898719309193985572e+00 -3.160334170744598659e-01
1.912998483343183453e+00 -3.029890638980568540e-01
1.927457808698968877e+00 -2.897801858836965283e-01
1.942102482347120684e+00 -2.764019812225230188e-01
1.956937870732243567e+00 -2.628494820359681960e-01
2.753171162526663274e+00 -3.478062114341374245e-01
2.730691331836460733e+00 -3.231984280457699255e-01
2.708616518866525436e+00 -2.990338589125953184e-01
2.686932857763715266e+00 -2.752976936214749926e-01
2.665627868489877095e+00 -2.519758338249627472e-01
2.644688811560210961e+00 -2.290546880033977328e-01
2.624103887020072357e+00 -2.065212687603683039e-01
2.603862010718076103e+00 -1.843631328959893789e-01
2.583951874930696224e+00 -1.625682875306893316e-01
2.564363148028116601e+00 -1.411252587869940289e-01
2.545085771815103204e+00 -1.200230143695087820e-01
2.526109971056451187e+00 -9.925094769655934401e-02
2.507426500897482313e+00 -7.879886936326840896e-02
2.489026417480422193e+00 -5.865697598978563548e-02
2.470901086098579391e+00 -3.881583390017669111e-02
2.453042188938266754e+00 -1.926636266930210201e-02
2.435441732406609550e+00 1.814545491640727281e-07
2.418092054043552874e+00 1.899222224348319152e-02
2.400985590627298993e+00 3.771787654753810254e-02
2.384115599491079429e+00 5.618497868843805310e-02
2.367474734005454273e+00 7.440107124399064631e-02
3.423221086336639463e+00 1.344989851763113697e-01
3.399630544172909552e+00 1.603227688202611412e-01
3.376345643284948128e+00 1.858118055961119619e-01
3.353357789013936774e+00 2.109756512148980578e-01
3.330658713784823810e+00 2.358235464652921887e-01
3.308240007554039241e+00 2.603643966652053332e-01
3.286094074863641801e+00 2.846068522339533780e-01
3.264212951615595770e+00 3.085592321982779662e-01
3.242589498259390801e+00 3.322296348281230105e-01
3.221216454460926748e+00 3.556258687930096696e-01
3.200086918611112718e+00 3.787555078152395338e-01
3.179194351542272479e+00 4.016259079590926984e-01
3.158531870929397911e+00 4.242441297444937698e-01
3.145363471158937330e+00 4.476517751705437753e-01
3.146511529495456205e+00 4.730571096991397773e-01
3.147663362157733236e+00 4.985411664717990243e-01
5.797378222908100565e-01 9.649488087514031254e-02
5.760460136691505362e-01 1.005361729866478121e-01
5.723909884386015889e-01 1.045372059062260051e-01
5.687717647127893406e-01 1.084990664988043640e-01
5.651873458592374666e-01 1.124228027000628988e-01
5.616367796609611496e-01 1.163094354570873706e-01
5.581192168987753055e-01 1.201599734298364891e-01
5.546337947711487137e-01 1.239753914301084253e-01
5.511795214542475341e-01 1.277566033710753057e-01
5.477556835727448448e-01 1.315045549901820710e-01
5.443614392600583107e-01 1.352201345401189969e-01
5.409959353546552885e-01 1.389041977701736819e-01
5.376584808995820142e-01 1.425576136559074114e-01
5.343482585141331453e-01 1.461811924511149108e-01
5.310645556665064548e-01 1.497757457870050601e-01
5.278066495334063912e-01 1.533420578363182962e-01
5.245738075535937295e-01 1.568808852245618946e-01
5.213654019212810020e-01 1.603929920023132727e-01
5.181807950857968414e-01 1.638791180966952810e-01
5.150192268612251434e-01 1.673399423888833615e-01
5.118801556211868276e-01 1.707761913714520019e-01
5.087629175093711931e-01 1.741885321298589362e-01
5.056668971020480408e-01 1.775776270821097513e-01
5.025914710285147580e-01 1.809441159394143961e-01
4.995361761837300851e-01 1.842886775375294495e-01
4.965003174254500329e-01 1.876118888817167596e-01
4.934834159828922484e-01 1.909143883654905449e-01
4.904848740159650222e-01 1.941967528119756814e-01
4.875042529289352888e-01 1.974596049384811924e-01
4.845408856531959740e-01 2.007034601472576507e-01
4.815943745591294567e-01 2.039289269882879618e-01
4.786641496817634067e-01 2.071365285305888926e-01
4.757497443906294476e-01 2.103268163538171975e-01
4.728506308915623735e-01 2.135003012080549656e-01
4.699664380322988722e-01 2.166575506464549772e-01
4.670966250956578580e-01 2.197990430861515854e-01
4.642407537182738353e-01 2.229252903969945465e-01
4.613983256171928504e-01 2.260367634223678091e-01
4.585689438680057850e-01 2.291339697563819222e-01
4.557521517877490269e-01 2.322173767132836297e-01
4.529475929380928911e-01 2.352874916160550833e-01
4.501546931752975489e-01 2.383446985594531720e-01
4.473731898407460328e-01 2.413895331213553597e-01
4.446026030724738454e-01 2.444224075535194052e-01
4.418425005262651140e-01 2.474437481194245725e-01
4.390925482820322578e-01 2.504540266418752714e-01
4.363523541371147063e-01 2.534536747124412348e-01
4.336214176735107562e-01 2.564430512620239355e-01
4.308994903271173293e-01 2.594226536961883878e-01
4.281861630247791872e-01 2.623928787449246181e-01
4.254810217282812279e-01 2.653541110165625883e-01
4.227836979809177498e-01 2.683067548978075867e-01
4.200938678663382886e-01 2.712512364906262130e-01
4.174111014671060271e-01 2.741879073495449015e-01
4.147351134069521827e-01 2.771172060834118378e-01
4.120655373076367312e-01 2.800395133906931622e-01
4.094020014535358909e-01 2.829551999126599382e-01
4.067441533505626872e-01 2.858646433189613312e-01
4.040916592259610196e-01 2.887682292141084961e-01
4.014441793953831272e-01 2.916663345131075280e-01
3.988013444380356654e-01 2.945593096702684988e-01
3.961628752059656033e-01 2.974475671472394667e-01
3.935283906323681080e-01 3.003314404513697800e-01
3.908975755305587052e-01 3.032113081958131007e-01
3.882700849783806141e-01 3.060875230179244122e-01
3.856455916848774423e-01 3.089604478529878739e-01
3.830237622798036146e-01 3.118304379646465452e-01
3.804043033625419401e-01 3.146978788643449709e-01
3.777868460606788603e-01 3.175630921542311191e-01
3.751711070288609173e-01 3.204264682395658315e-01
3.725567279696627709e-01 3.232883330920570120e-01
3.699433898044691693e-01 3.261490440467393892e-01
3.673307890458655245e-01 3.290089716020055954e-01
3.647185930279839838e-01 3.318684600847667809e-01
3.621064626695268962e-01 3.347278469178235349e-01
3.594940960258589113e-01 3.375875033356584010e-01
3.568811620910381510e-01 3.404477742860255174e-01
3.542673444901864865e-01 3.433090189567897244e-01
3.516523195156131543e-01 3.461715906104371188e-01
3.490357562070227071e-01 3.490358364768457733e-01
3.464173582476027802e-01 3.519021401235648550e-01
3.437967379335561957e-01 3.547707945749583591e-01
3.411736458892649093e-01 3.576422361415496631e-01
3.385476796132855792e-01 3.605167458250309043e-01
3.359185727139273880e-01 3.633947499475995713e-01
3.332859482973141718e-01 3.662765611016610690e-01
3.306495221747409730e-01 3.691625960557538000e-01
3.280089014938469827e-01 3.720531559909194264e-01
3.253638040321554237e-01 3.749486700809548378e-01
3.227138594195759214e-01 3.778494733567169805e-01
3.200587277931973840e-01 3.807559403777747709e-01
3.173980600804229280e-01 3.836684406804399816e-01
3.147315356829724631e-01 3.865873848485029685e-01
3.120588048094509737e-01 3.895131560559647044e-01
3.093794894252852590e-01 3.924461091586592953e-01
3.066932390204553105e-01 3.953866404530240186e-01
3.039996926545817102e-01 3.983351415702425236e-01
3.012985147858373569e-01 4.012920469616696462e-01
2.985893049063845783e-01 4.042577152562478737e-01
2.958716879859022986e-01 4.072325475299888864e-01
2.931453472873236654e-01 4.102170370051339554e-01
2.904098149503505089e-01 4.132114789703223434e-01
2.876647507852890806e-01 4.162163574392909182e-01
2.849098006277211992e-01 4.192321531195355444e-01
2.821444970027315868e-01 4.222591944803189001e-01
2.793684940605586919e-01 4.252980023464776327e-01
2.765813658149364196e-01 4.283489944049797549e-01
2.737826739598815950e-01 4.314125830478365842e-01
2.709720309949855133e-01 4.344892762990280599e-01
2.681490028591194119e-01 4.375795275889591274e-01
2.653131724278742221e-01 4.406838363822720983e-01
2.624640768548112124e-01 4.438026465141917121e-01
2.596012694843509161e-01 4.469364478025796283e-01
2.567242883331357639e-01 4.500857251864230912e-01
2.538327143654130480e-01 4.532510624489184403e-01
2.509260238574328450e-01 4.564328830423566297e-01
2.480037643863868824e-01 4.596317611134203007e-01
2.450654650233994314e-01 4.628482665289930242e-01
2.421105813915251925e-01 4.660828587363473607e-01
2.391386351439303282e-01 4.693361498098420626e-01
2.361490745393704238e-01 4.726086407319829985e-01
2.331414359821221416e-01 4.759010400915330008e-01
2.301151292361771072e-01 4.792138380020787292e-01
2.270695981407339081e-01 4.825476252212310690e-01
2.240043164253490426e-01 4.859030948069011924e-01
2.209186853711781473e-01 4.892808263781655564e-01
2.178121103958916005e-01 4.926814472961087432e-01
2.146840226263553864e-01 4.961056879169704614e-01
2.115337584242785451e-01 4.995541085800256909e-01
2.083607483552405437e-01 5.030275369461294499e-01
2.051643050345309804e-01 5.065265748417160374e-01
2.019437634715967045e-01 5.100519267343682772e-01
1.986984982808568390e-01 5.136044566069937201e-01
1.954277696858367497e-01 5.171847996780050138e-01
1.921308767143694030e-01 5.207937499769386136e-01
1.888071102934042733e-01 5.244321501313489176e-01
1.854557115877921714e-01 5.281007791162259934e-01
1.820759321719460644e-01 5.318005200661409804e-01
1.786669730649861343e-01 5.355321915915726150e-01
1.752280238376206223e-01 5.392966597922714822e-01
1.717582784234527316e-01 5.430948952075440594e-01
1.682568606108097442e-01 5.469277457020033095e-01
1.647229139670932097e-01 5.507962199349688559e-01
1.611555453016070560e-01 5.547013170027833562e-01
1.575538085513003561e-01 5.586439683371430265e-01
1.539167700246397152e-01 5.626252663121844577e-01
1.502434711668899914e-01 5.666463501438963046e-01
1.465328670834552816e-01 5.707081747475972744e-01
1.427839483855157521e-01 5.748119709512421460e-01
1.389956464581940387e-01 5.789588997921899516e-01
1.351668492899550100e-01 5.831501091336880327e-01
1.312964405948076896e-01 5.873869072972467409e-01
1.273832429021275192e-01 5.916705306150377153e-01
1.234260562275951434e-01 5.960023170634713985e-01
1.194236419997618120e-01 6.003836477903724544e-01
1.153746985682216064e-01 6.048158294489607290e-01
1.112779279085686773e-01 6.093004445260805646e-01
1.071319422948947137e-01 6.138388826491518735e-01
1.029353398860723690e-01 6.184327497830752751e-01
9.868665838451104455e-02 6.230836331645539516e-01
9.438438408907270927e-02 6.277931590174227194e-01
9.002695818825949547e-02 6.325630506762637273e-01
8.561277234814171355e-02 6.373951279679879178e-01
8.114014189431802138e-02 6.422911290822257424e-01
7.660734341135069791e-02 6.472530048431616168e-01
7.201258609262552179e-02 6.522827406768646474e-01
6.735400361707599703e-02 6.573822960587686337e-01
6.262967688592914473e-02 6.625538403343435023e-01
5.783760959315447508e-02 6.677995738798027103e-01
5.297572155213862294e-02 6.731216671941200325e-01
4.798576339046891487e-02 6.777301295561991568e-01
4.265421967150438698e-02 6.779710542953535368e-01
3.732415778392481759e-02 6.782119431563585765e-01
3.199491727480049258e-02 6.784527889744759177e-01
2.666584108942520598e-02 6.786936311423904522e-01
2.133627154406109519e-02 6.789344961444901960e-01
1.600555050847802044e-02 6.791753975491759965e-01
1.067302052479467134e-02 6.794163956006934457e-01
5.338021713416787536e-03 6.796574780378660252e-01
-1.057039242106014350e-07 6.798987388610757687e-01
-5.342024029902294954e-03 6.801401399038887741e-01
-1.068839697198393709e-02 6.803817492073086504e-01
-1.603989133076833690e-02 6.806236217573772285e-01
-2.139717494256498584e-02 6.808657398443812570e-01
-2.676091883409882285e-02 6.811081321996576010e-01
-3.213179937515087126e-02 6.813508738702541701e-01
-3.751049060228208581e-02 6.815939074970164269e-01
-4.289768181031528016e-02 6.818374004192403470e-01
-4.829405302855994953e-02 6.820812683863434200e-01
-5.370029822129524649e-02 6.823255920403572539e-01
-5.911711152382426171e-02 6.825703787954797708e-01
-6.454519593037702507e-02 6.828156816092157966e-01
-6.998525935020200039e-02 6.830615393775970601e-01
-7.543801440430102090e-02 6.833079768199478155e-01
-8.090417822022041849e-02 6.835550043661926534e-01
-8.638447969538023963e-02 6.838026771813812132e-01
-9.187965367444256293e-02 6.840510356815386883e-01
-9.739043233517656606e-02 6.843000463823247781e-01
-1.029175781006145818e-01 6.845498378682400853e-01
-1.084618437426446147e-01 6.848004052678534626e-01
-1.140239968860861652e-01 6.850517871858585739e-01
-1.196048118428426899e-01 6.853040064624562611e-01
-1.252050693778774260e-01 6.855570700098484460e-01
-1.308255788100007311e-01 6.858110857494986723e-01
-1.364671474823086761e-01 6.860660861813613343e-01
-1.421305782116394356e-01 6.863220286230425904e-01
-1.478167043807008529e-01 6.865789703148041934e-01
-1.535263812597521538e-01 6.868370090992393928e-01
-1.592604611040698559e-01 6.870961665547414832e-01
-1.650198045110849998e-01 6.873564462419757826e-01
-1.708052945147623125e-01 6.876178913412522853e-01
-1.766178385765523051e-01 6.878805838736294920e-01
-1.824583400069594297e-01 6.881445286445633247e-01
-1.883277268568936125e-01 6.884097685675543143e-01
-1.942269538733575884e-01 6.886763838078677757e-01
-2.001569711778188876e-01 6.889443764012384008e-01
-2.061187729273728786e-01 6.892138419402088489e-01
-2.121133313670011400e-01 6.894847400837847973e-01
-2.181416818772030919e-01 6.897571797843922159e-01
-2.242048556532758030e-01 6.900311901509555979e-01
-2.303039148386451795e-01 6.903068339187374836e-01
-2.364399350706208880e-01 6.905841500045799553e-01
-2.426140050985400864e-01 6.908631531728935959e-01
-2.488272667768861857e-01 6.911439458686060577e-01
-2.550808571797217872e-01 6.914265485290103097e-01
-2.613759691897903914e-01 6.917110672859070331e-01
-2.677137694290578351e-01 6.919974695884804072e-01
-2.740955031585528001e-01 6.922858625949156464e-01
-2.805224332369741780e-01 6.925763244920525308e-01
-2.869958396429039826e-01 6.928689040642123098e-01
-2.935170189896206261e-01 6.931636202687262438e-01
-3.000873077044668435e-01 6.934605165207051725e-01
-3.067081077743729622e-01 6.937597138590997359e-01
-3.133808414418753352e-01 6.940612999519457649e-01
-3.201069256914674255e-01 6.943652744697931256e-01
-3.268878456949967370e-01 6.946717113805792598e-01
-7.323300386472081369e-01 3.306595021682852131e-01
-7.374199517327570952e-01 3.260097607731514691e-01
-7.425451367266777680e-01 3.213277843931262590e-01
-7.477065979332691015e-01 3.166126521203845856e-01
-7.529054400176765638e-01 3.118634537392425687e-01
-7.581425928726825969e-01 3.070791735649077148e-01
-7.634191961898343370e-01 3.022588505918314405e-01
-7.687363798640409751e-01 2.974014838396226157e-01
-7.740952632073113682e-01 2.925060323985836930e-01
-7.794970100825853176e-01 2.875714361176694989e-01
-7.849427728373428170e-01 2.825965932850469375e-01
-7.904338601949737475e-01 2.775804199457713173e-01
-7.959714003869498011e-01 2.725217275082674750e-01
-8.015567903059749311e-01 2.674193803643326595e-01
-8.071912448450687672e-01 2.622721375314766568e-01
-8.128762483998432931e-01 2.570788031894212788e-01
-8.186131017043648539e-01 2.518380754127051424e-01
-8.244032042538382843e-01 2.465486383553568417e-01
-8.302481119047583347e-01 2.412091745122660613e-01
-8.361493656754205306e-01 2.358183095481736768e-01
-8.421083756242619955e-01 2.303745809449661008e-01
-8.481268794058766103e-01 2.248765648513855742e-01
-8.542064828946467347e-01 2.193227440676662754e-01
-8.603488312998032184e-01 2.137115558118634628e-01
-8.665557244293099481e-01 2.080414174327459564e-01
-8.728289428645911174e-01 2.023106793674253612e-01
-8.791703629504822315e-01 1.965176513090998167e-01
-8.855818981814355118e-01 1.906605852737882634e-01
-8.920654982668839716e-01 1.847376735003883053e-01
-8.986232066031640819e-01 1.787470579902632750e-01
-9.052571596809985133e-01 1.726868261333318610e-01
-9.119694691166390088e-01 1.665549849198493249e-01
-9.187623961741316903e-01 1.603494919259689511e-01
-9.256382337267256011e-01 1.540682290871607796e-01
-9.325994815107887526e-01 1.477090286362497673e-01
-9.396484331907147824e-01 1.412696021170368188e-01
-9.467878225416874738e-01 1.347476400179555556e-01
-9.540201744007982265e-01 1.281407062919927287e-01
-9.613483338843668013e-01 1.214463128927373570e-01
-9.687750517783820792e-01 1.146618571800614994e-01
-9.763032783061083020e-01 1.077846573404560998e-01
-9.839360433809350992e-01 1.008119313570240705e-01
-9.916765734539643162e-01 9.374080401885485914e-02
-9.995281118513418273e-01 8.656828264652256799e-02
-1.007493916465397099e+00 7.929125526341368468e-02
-1.012075191816041553e+00 7.165853007998508606e-02
-1.004336413315426446e+00 6.318725612036255046e-02
-9.967226577787906550e-01 5.485273331499337934e-02
-9.892298276589128747e-01 4.665066244309713089e-02
-9.818542859315311233e-01 3.857692944815258734e-02
-9.745923836414072117e-01 3.062757045711272247e-02
-9.674405822285282452e-01 2.279877323382730261e-02
-9.603955759214092280e-01 1.508687296505720372e-02
-9.534541160283493966e-01 7.488340036957747206e-03
-9.466131329536172645e-01 -2.238119004943949471e-07
