-5.702796578407266503e-01 4.985543306800945437e-08
-5.700542940793474900e-01 -4.477238408969995594e-03
-5.698290739101457003e-01 -8.951541046038602109e-03
-5.696039631224945055e-01 -1.342341223483417209e-02
-5.693789166629805720e-01 -1.789340441157607695e-02
-5.691539977899470193e-01 -2.236207279698205000e-02
-5.689290802179781670e-01 -2.682996588225221996e-02
-5.687042055311698485e-01 -3.129763791288662361e-02
-5.684792854140517937e-01 -3.576563703600920546e-02
-5.682543397582549005e-01 -4.023451731307016443e-02
-5.680293180972721956e-01 -4.470482920814134592e-02
-5.678042185389052809e-01 -4.917712738582710047e-02
-5.675789688874020023e-01 -5.365196167104922809e-02
-5.673535454401040790e-01 -5.812988671393463924e-02
-5.671279727569880080e-01 -6.261146416464458131e-02
-5.669021458027743154e-01 -6.709724382505367901e-02
-5.666761261366241031e-01 -7.158779619308502928e-02
-5.664497865827542444e-01 -7.608367166509608093e-02
-5.662232251780944248e-01 -8.058545220139494425e-02
-5.659962923056536255e-01 -8.509368954459571588e-02
-5.657690041017642280e-01 -8.960896106138543926e-02
-5.655413061780216744e-01 -9.413183737489856651e-02
-5.653132500897162238e-01 -9.866291062928436717e-02
-5.650846993010613106e-01 -1.032027453887076340e-01
-5.648557402079833478e-01 -1.077519497358595674e-01
-5.646262126753274213e-01 -1.123110912740495765e-01
-5.643961786896186661e-01 -1.168807844578905603e-01
-5.641656290837567811e-01 -1.214616368656244727e-01
-5.639344257345122458e-01 -1.260542337166568605e-01
-5.637026508966580529e-01 -1.306592138716988760e-01
-5.634701993262153374e-01 -1.352771813710556825e-01
-5.632370111699562809e-01 -1.399087558817956045e-01
-5.630031868027856046e-01 -1.445546044289941767e-01
-5.627685816709506739e-01 -1.492153410634846633e-01
-5.625331534888309282e-01 -1.538916119653912784e-01
-5.622969609398849045e-01 -1.585840997658747864e-01
-5.620599333219959970e-01 -1.632934613213203323e-01
-5.618219859000825878e-01 -1.680203571471557134e-01
-5.615831337367934717e-01 -1.727654862558459237e-01
-5.613433197016574061e-01 -1.775295364903335116e-01
-5.611025283872543845e-01 -1.823132188923554386e-01
-5.608606721602537037e-01 -1.871172319666009054e-01
-5.606178173084765959e-01 -1.919423364450332237e-01
-5.603738441853783891e-01 -1.967892431884742943e-01
-5.601287297374707430e-01 -2.016587072461148433e-01
-5.598824339381768267e-01 -2.065514907507867703e-01
-5.596348996000960474e-01 -2.114683626485655832e-01
-5.593861633701903147e-01 -2.164101414370545318e-01
-5.591361321672638773e-01 -2.213776114800096173e-01
-5.588847504123231058e-01 -2.263715854838087294e-01
-5.586319989688444121e-01 -2.313929063795337748e-01
-5.583777842626317378e-01 -2.364424026978281246e-01
-5.581221577804308387e-01 -2.415209807854809265e-01
-5.578649859727372595e-01 -2.466294863258383374e-01
-5.576062787707679602e-01 -2.517688447399866192e-01
-5.573460240978461711e-01 -2.569399923967581878e-01
-5.570840797246103815e-01 -2.621438254900455012e-01
-5.568203899266549461e-01 -2.673812986449695117e-01
-5.565550367638387730e-01 -2.726534550085459863e-01
-5.562878634675980649e-01 -2.779612456696072820e-01
-5.560188500567223580e-01 -2.833057102857028386e-01
-5.557478983273875794e-01 -2.886878730490464173e-01
-5.554750433321553604e-01 -2.941088517485988540e-01
-5.552001350589679252e-01 -2.995696937245505009e-01
-5.549232070466292299e-01 -3.050715702311302957e-01
-5.546441075450366798e-01 -3.106155803276842708e-01
-5.543628650060020702e-01 -3.162029509832910978e-01
-5.540793738843646787e-01 -3.218348651112921122e-01
-5.537935505146035498e-01 -3.275125480195056338e-01
-5.535053826436212576e-01 -3.332372996591463910e-01
-5.532148250014168323e-01 -3.390104358099894633e-01
-5.529216977393272003e-01 -3.448332244233516808e-01
-5.526260408008353275e-01 -3.507071046428510974e-01
-5.523277066914594746e-01 -3.566334374559941289e-01
-1.641658324055859097e+00 -1.078367824991891100e+00
-1.611629494482667235e+00 -1.076856267435174042e+00
-1.582379506436395245e+00 -1.075383871041035500e+00
-1.553875079869738718e+00 -1.073949028298904373e+00
-1.526084730644946097e+00 -1.072550185283336566e+00
-1.498978457435013345e+00 -1.071185699403296665e+00
-1.472528304965494472e+00 -1.069854313425431691e+00
-1.451402195771024806e+00 -1.072022173300639203e+00
-2.093197611361011123e+00 -1.571617044524610707e+00
-2.091943917851656121e+00 -1.596520947914082500e+00
-2.090676705854789486e+00 -1.621694906085906718e+00
-2.089395548565859961e+00 -1.647146457591722735e+00
-2.088100189113931915e+00 -1.672883521584375810e+00
-2.086789787009843078e+00 -1.698913806644607893e+00
-2.085464397272565940e+00 -1.725246008234809558e+00
-2.084123289796729228e+00 -1.751888467420216200e+00
-2.082766052553512104e+00 -1.778850074160686745e+00
-2.081392390866025011e+00 -1.806140128255133703e+00
-2.080001575961741622e+00 -1.833767876015868659e+00
-2.078593336421812765e+00 -1.861743293960112844e+00
-2.077167125144704585e+00 -1.890076470169661293e+00
-2.075722466558994839e+00 -1.918777922922478840e+00
-2.074258593395835959e+00 -1.947858282878035308e+00
-2.072775133737635223e+00 -1.977328946002481436e+00
-2.071271397282220761e+00 -2.007201431488171650e+00
-2.069746881799935601e+00 -2.037487877663876290e+00
-2.068200913002682828e+00 -2.068200718837369667e+00
-2.066632801760070137e+00 -2.099352855506046112e+00
-2.065041827299929800e+00 -2.130957660986000146e+00
-2.063427549336969591e+00 -2.163029332688843009e+00
-2.061788961217867922e+00 -2.195582041865669520e+00
-2.060125302056863283e+00 -2.228630795110983609e+00
-2.058436025440852912e+00 -2.262191452220719157e+00
-2.056719972309945632e+00 -2.296279855348894117e+00
-9.158855175946383209e-01 -1.038868105595615265e+00
-9.008261179251138007e-01 -1.038110079286560072e+00
-8.859920889523869025e-01 -1.037363362829721192e+00
-8.713767240999409358e-01 -1.036627737732708221e+00
-8.569733266368806390e-01 -1.035902712984235308e+00
-8.427755928802782570e-01 -1.035187986501527879e+00
-8.287775263689650673e-01 -1.034483366152412209e+00
-8.149732085161008888e-01 -1.033788499752706924e+00
-8.013569476168262984e-01 -1.033103065436860479e+00
-7.879233465945721937e-01 -1.032426874157809982e+00
-7.746670797966030975e-01 -1.031759594124914026e+00
-7.615831080219976901e-01 -1.031101040286146242e+00
-7.486663894365004346e-01 -1.030450798710983884e+00
-7.359123015898805242e-01 -1.029808807503484358e+00
-7.233162134160333601e-01 -1.029174786956416954e+00
-7.108736267596356129e-01 -1.028548434547934320e+00
-6.985803086709890808e-01 -1.027929626411842934e+00
-6.864320831477002116e-01 -1.027318129432289062e+00
-6.744248985084269066e-01 -1.026713702330016131e+00
-6.625548900340043623e-01 -1.026116199842541654e+00
-6.508182461652052275e-01 -1.025525377912964275e+00
-6.392113994822408163e-01 -1.024941198488014127e+00
-6.277306427459434790e-01 -1.024363228419614025e+00
-6.163726958469947226e-01 -1.023791552541354344e+00
-6.051341372039457100e-01 -1.023225866006198137e+00
-5.940117166644011126e-01 -1.022665983659789335e+00
-5.830022898307036794e-01 -1.022111742438718274e+00
-5.721028736411729598e-01 -1.021563108854129709e+00
-5.613104672469964029e-01 -1.021019871269476909e+00
-5.506221705997230709e-01 -1.020481848502225342e+00
-5.400351816016246698e-01 -1.019948893130825596e+00
-8.850252218863418063e-01 -1.703745948720291281e+00
-8.835036571158378926e-01 -1.733973427303794779e+00
-8.819399403824109696e-01 -1.765038751234867753e+00
-8.803320413404863709e-01 -1.796981135599210022e+00
-8.786779220226699216e-01 -1.829842505547014442e+00
-1.829722925010939694e+00 -3.888358848562747383e+00
-1.791675223400489791e+00 -3.886443703636202063e+00
-1.089235142242711785e+00 -2.412388248309258021e+00
-1.070871578671370949e+00 -2.422263515436345216e+00
-1.052485855246448221e+00 -2.432151125549423476e+00
-1.034075352592912722e+00 -2.442051622653059972e+00
-1.015637988481203013e+00 -2.451966821085604487e+00
-9.971713610242822767e-01 -2.461897837877937700e+00
-9.786730384606157074e-01 -2.471845746413977807e+00
-9.601407317834029786e-01 -2.481812020636720906e+00
-9.415723621136817822e-01 -2.491798764258953192e+00
-9.229652096711014053e-01 -2.501806482993413017e+00
-9.043168640762854205e-01 -2.511836528487213727e+00
-8.856247947962209155e-01 -2.521889985905653386e+00
-8.668865921987530809e-01 -2.531968346801845904e+00
-8.480997240348999711e-01 -2.542072836009830805e+00
-8.292616921822960618e-01 -2.552204861332075581e+00
-8.103699523957010875e-01 -2.562365788338247352e+00
-7.914233870305430463e-01 -2.572561724947911799e+00
-7.724256696965571267e-01 -2.582815455601999766e+00
-7.560165408584746949e-01 -2.602225797687176101e+00
-5.069764274607514443e-01 -3.372125436468627946e+00
-4.952454188397522605e-01 -3.479775343141452648e+00
-4.876525664950423500e-01 -3.630614685340000314e+00
-4.793898722264074430e-01 -3.794761188980998234e+00
-4.703634558773993612e-01 -3.974080346280263853e+00
-4.595454954938468783e-01 -4.162510562589579521e+00
-4.292859194713856685e-01 -4.189869904731665429e+00
-3.986755372083671811e-01 -4.217546135154253584e+00
-3.677044054794045280e-01 -4.245548605490937710e+00
-3.363622085701334918e-01 -4.273886513504813855e+00
-3.046383275279109237e-01 -4.302569846715127433e+00
-2.725217149900446278e-01 -4.331607949561499638e+00
-2.400010207890667935e-01 -4.361011418558328856e+00
-2.070644931764497043e-01 -4.390791144653011457e+00
4.833038404161812962e-01 -4.377711453260999974e+00
5.179300373141720870e-01 -4.375968804757095043e+00
5.525929617919482784e-01 -4.374223703988010747e+00
5.872970936098138584e-01 -4.372477062504015244e+00
4.855834883067808860e-01 -3.411887403359704862e+00
4.718067004216096594e-01 -3.138196233972557980e+00
4.876980363149730491e-01 -3.079204182845107329e+00
5.149603658992470967e-01 -3.093865162878896680e+00
5.425559670683767211e-01 -3.108705475265930662e+00
5.704944106755105437e-01 -3.123730028813490378e+00
5.987856933446814578e-01 -3.138944474709138621e+00
6.274402246912541559e-01 -3.154354960168109123e+00
6.564688032721135436e-01 -3.169967883491430882e+00
6.858821798698587768e-01 -3.185787786217740614e+00
7.156917700402426474e-01 -3.201820850801392560e+00
7.459093468388757753e-01 -3.218073252695372144e+00
7.765471574342633909e-01 -3.234551615300842009e+00
8.076317408632948114e-01 -3.251318529475756058e+00
1.115830281659071277e+00 -4.345871899609575095e+00
1.151806990569212541e+00 -4.344061206929969110e+00
1.187903618135870643e+00 -4.342244175934349748e+00
1.224125336394061403e+00 -4.340420913325224284e+00
1.244319402099982597e+00 -4.282975344884537350e+00
1.236919946198391074e+00 -4.135978683832534308e+00
1.229980135953976816e+00 -3.998112789544454593e+00
1.149220971032197225e+00 -2.492852890055726522e+00
1.146366875329895896e+00 -2.436153513687433936e+00
1.143619969224944466e+00 -2.381583111060884939e+00
1.140973945906600173e+00 -2.329017493123090699e+00
1.138423118297853032e+00 -2.278342199967524628e+00
1.135962028686000602e+00 -2.229450913079525254e+00
1.133585864672647991e+00 -2.182245587679795040e+00
1.131289878577381947e+00 -2.136634676436986791e+00
1.129069970275058621e+00 -2.092533696405433741e+00
1.126922034232899161e+00 -2.049863476039853083e+00
1.124842507044106599e+00 -2.008550727896214916e+00
1.122827761419696646e+00 -1.968526529221286347e+00
1.120874747233874924e+00 -1.929727104488178302e+00
1.118980334981493518e+00 -1.892092324108501256e+00
1.117141696594007749e+00 -1.855566077316034290e+00
1.115356206021659302e+00 -1.820095817159672613e+00
1.113621445437497526e+00 -1.785632316176209544e+00
1.111934945169658073e+00 -1.752129022405711334e+00
1.121768275062559495e+00 -1.737312107196502087e+00
1.140578771529755953e+00 -1.736365144392165938e+00
1.159563673031967168e+00 -1.735409585438245861e+00
1.178727549333042024e+00 -1.734444827679389789e+00
1.198075555337671849e+00 -1.733470935701120652e+00
1.217612637212877047e+00 -1.732487448315828571e+00
1.237344207797028917e+00 -1.731494357607817447e+00
1.257275326284441164e+00 -1.730490933800830744e+00
1.277411947857739039e+00 -1.729477466131996488e+00
1.297759391755553215e+00 -1.728453130707927166e+00
1.318323747514169364e+00 -1.727417912047620741e+00
1.339111178962137272e+00 -1.726371631218470037e+00
1.360127773675665397e+00 -1.725313756678250821e+00
1.381379979882414233e+00 -1.724243966427533303e+00
1.402874467587016616e+00 -1.723161949630886758e+00
1.424618132676131799e+00 -1.722067398771427449e+00
1.446618100849162980e+00 -1.720960001682072749e+00
1.468881576531662292e+00 -1.719839252161675436e+00
1.491416308133225233e+00 -1.718704988097081277e+00
2.046746438691865233e+00 -2.321577981001300195e+00
2.044803305532723936e+00 -2.282975234305155254e+00
2.042897497330687706e+00 -2.245114892582922739e+00
2.041027819401795007e+00 -2.207971313846660344e+00
2.039193007289963777e+00 -2.171519853298716551e+00
2.037391761598100981e+00 -2.135736851001375669e+00
2.035622948332035609e+00 -2.100599789989402222e+00
2.033885806862651524e+00 -2.066087445768985287e+00
2.032178816576893698e+00 -2.032178678292578589e+00
2.030501395783139262e+00 -1.998854122095016672e+00
2.028852426363308314e+00 -1.966094643644487938e+00
2.027230949743521027e+00 -1.933882009478931296e+00
2.025636024907435662e+00 -1.902198705555722125e+00
2.024066928406891286e+00 -1.871028087789274208e+00
2.022523008936194078e+00 -1.840354202841048004e+00
2.021003178664918298e+00 -1.810161298420060128e+00
2.019506812537574802e+00 -1.780434619596725110e+00
6.516974168894423824e-01 -5.655141683058289015e-01
6.512286510520256533e-01 -5.562017698047592162e-01
6.507668064165142985e-01 -5.470266076005033673e-01
6.503116682953189454e-01 -5.379845567295815645e-01
6.498630033669748896e-01 -5.290716222821562065e-01
6.494206570320943950e-01 -5.202840123036597264e-01
6.489844201655988742e-01 -5.116180217011575548e-01
6.485541731153469103e-01 -5.030701418200616004e-01
6.481296557636764266e-01 -4.946368739978956874e-01
6.477107532778270116e-01 -4.863149478259448655e-01
6.472973125496702673e-01 -4.781011717832536201e-01
6.468891446835703940e-01 -4.699924328878735125e-01
6.464861244520634376e-01 -4.619857656062578699e-01
6.460880491493407041e-01 -4.540782447632573660e-01
6.456948847783609002e-01 -4.462671563624643900e-01
6.453064286235097313e-01 -4.385497547710127120e-01
6.449225057816644346e-01 -4.309234002965015575e-01
6.445430723722838096e-01 -4.233856219944989729e-01
6.441679712251999756e-01 -4.159339493668290921e-01
6.437971327618901007e-01 -4.085660431917416124e-01
6.434303267459249298e-01 -4.012795329854798032e-01
6.430675672014621869e-01 -3.940722711698642078e-01
6.427086099481051917e-01 -3.869420147000935950e-01
6.423535128637302138e-01 -3.798867677925477082e-01
6.420020265322884390e-01 -3.729044095374614565e-01
6.416541067961677447e-01 -3.659930002108679470e-01
6.413097133134351147e-01 -3.591506555219246555e-01
6.409686546687491937e-01 -3.523754592503252625e-01
6.406309015202088508e-01 -3.456656379782068189e-01
6.402963283571739828e-01 -3.390194142015866552e-01
6.399649245978590306e-01 -3.324351190492422226e-01
6.396365329132457367e-01 -3.259110514864062558e-01
6.393110609587979720e-01 -3.194455897482742501e-01
6.389884840905253327e-01 -3.130371878532605123e-01
6.386686867993883743e-01 -3.066842946530519698e-01
6.383516240294270228e-01 -3.003854327055862639e-01
6.380372154646679617e-01 -2.941391447535431913e-01
6.377253460407329433e-01 -2.879439943139185942e-01
6.374160300092708287e-01 -2.817986385609541622e-01
6.371091407679236873e-01 -2.757017041050544015e-01
6.368045741129774173e-01 -2.696518615395976370e-01
6.365023597884981177e-01 -2.636478694411820700e-01
6.362023884067379287e-01 -2.576884565060454380e-01
6.359045763532397144e-01 -2.517723921888293526e-01
6.356089226928950398e-01 -2.458985065163487582e-01
6.353152882504512489e-01 -2.400656019062334112e-01
6.350237298698790944e-01 -2.342725817662627275e-01
6.347340554219609299e-01 -2.285182806265372846e-01
6.344462708854284871e-01 -2.228016313492839073e-01
6.341603583105847042e-01 -2.171215794922763953e-01
6.338762761466759654e-01 -2.114770836905906781e-01
6.335938461996827309e-01 -2.058670791949463452e-01
6.333131503529662032e-01 -2.002906085112202694e-01
6.330340787075916520e-01 -1.947466704053397446e-01
6.327566133143172067e-01 -1.892343123393575022e-01
6.324806581357977908e-01 -1.837525764464630895e-01
6.322062681561715358e-01 -1.783005668239220909e-01
6.319332491421515430e-01 -1.728773330021368126e-01
6.316616739570446448e-01 -1.674820167659359371e-01
6.313914240297396896e-01 -1.621137225761669631e-01
6.311225349121339923e-01 -1.567716108713100853e-01
6.308549084638911397e-01 -1.514548219752464842e-01
6.305884861775513661e-01 -1.461625213002844814e-01
6.303233081467214394e-01 -1.408939103506308133e-01
6.300592812386409669e-01 -1.356481722400753875e-01
6.297962950382962610e-01 -1.304245006972956367e-01
6.295344559400732898e-01 -1.252221468416361283e-01
6.292736208048228530e-01 -1.200403209012198269e-01
6.290137471669313696e-01 -1.148782658946285035e-01
6.287548943213839836e-01 -1.097352532731444008e-01
6.284969303265937057e-01 -1.046105296081071140e-01
6.282398253581412684e-01 -9.950337036132089752e-02
6.279835937177903338e-01 -9.441306663012634381e-02
6.277281763197352094e-01 -8.933890625292174870e-02
6.274735586519346597e-01 -8.428019220723298455e-02
6.272196529821286726e-01 -7.923622556054427113e-02
6.269664757871162841e-01 -7.420632901614523935e-02
6.267139114840954983e-01 -6.918981630656252657e-02
6.264620678082855054e-01 -6.418603349564132310e-02
6.262108021929294610e-01 -5.919430498832265602e-02
6.259600772582177841e-01 -5.421397389826691782e-02
6.257099613850619635e-01 -4.924439757908700976e-02
6.254602724465646579e-01 -4.428491788565545872e-02
6.252111126129881180e-01 -3.933490437989542454e-02
6.249623931193127868e-01 -3.439371663444878990e-02
6.247140720748888265e-01 -2.946072265218962344e-02
6.244661546909118233e-01 -2.453529670823431652e-02
6.242185743045438606e-01 -1.961681344324296694e-02
6.239713115480807204e-01 -1.470465318597957878e-02
6.237243348938071863e-01 -9.798198850996133955e-03
6.234776007155539146e-01 -4.896836110581254987e-03
6.232311129569989561e-01 4.643433637596668299e-08
6.229848039826066941e-01 4.893058488722601927e-03
6.227387134281224812e-01 9.782808362593249304e-03
6.224926902380307769e-01 1.466990046212442167e-02
6.222468098835913786e-01 1.955494120740565098e-02
6.220009572318676572e-01 2.443853184367580228e-02
6.217551840455637358e-01 2.932127810340849627e-02
6.215094111297608803e-01 3.420378067828373087e-02
6.212636070384511822e-01 3.908664160456187808e-02
6.210177879637142073e-01 4.397046643341414457e-02
6.207718987300810953e-01 4.885585704498840443e-02
6.205258723457224290e-01 5.374341428900582252e-02
6.202796893573191417e-01 5.863374342704948117e-02
6.200333183431986361e-01 6.352745021995745422e-02
6.197868343849700645e-01 6.842515383881904445e-02
6.195400633709519100e-01 7.332744931059377580e-02
6.192929969890753616e-01 7.823495033821553646e-02
6.190456737327321157e-01 8.314828023171377813e-02
6.187980605142945345e-01 8.806805725357017001e-02
6.185500529240441914e-01 9.299489212023268059e-02
6.183016521583650782e-01 9.792941348313891070e-02
6.180528466749574124e-01 1.028722528034837908e-01
6.178036121196565089e-01 1.078240441665675176e-01
6.175538526207980938e-01 1.127854133862353087e-01
6.173035767969440313e-01 1.177570090221733978e-01
6.170527799129318369e-01 1.227394835357017711e-01
6.168013854138189034e-01 1.277334810051742875e-01
6.165494201197200264e-01 1.327396722718529598e-01
6.162967804870602695e-01 1.377587073097937820e-01
6.160434657806135306e-01 1.427912642861305925e-01
6.157894030714984313e-01 1.478380121779837297e-01
6.155346212098290470e-01 1.528996513919705647e-01
6.152790186658018134e-01 1.579768588031361110e-01
6.150226526280971884e-01 1.630703593781176186e-01
6.147653921461697646e-01 1.681808383758912340e-01
6.145072640280839771e-01 1.733090314148846289e-01
6.142482218829870000e-01 1.784556644921069524e-01
6.139881466067133031e-01 1.836214514908053319e-01
6.137271317720269792e-01 1.888071793317349922e-01
6.134650829290171359e-01 1.940135908681787924e-01
6.132018895743158726e-01 1.992414331781250936e-01
6.129376511870633371e-01 2.044915327707181318e-01
6.126722229776907502e-01 2.097646497501576279e-01
6.124055561211627641e-01 2.150615871656500200e-01
6.121376960709304926e-01 2.203831951665974620e-01
6.082612895653009000e-01 2.243995009683395214e-01
6.040153881592935647e-01 2.282384600956545440e-01
5.998035590106803872e-01 2.320465610377031862e-01
5.956249602361157747e-01 2.358246692187512539e-01
5.914786301193570850e-01 2.395735748585305636e-01
5.873637097568471521e-01 2.432940798261225834e-01
5.832793321447071744e-01 2.469869554593626948e-01
5.792246774813939458e-01 2.506529662029480243e-01
5.751989183145588269e-01 2.542928476277356298e-01
5.712012744303543998e-01 2.579073309289343086e-01
5.672309041876609781e-01 2.614970951262408083e-01
5.632871217648095508e-01 2.650628664279095492e-01
5.593691797848122649e-01 2.686053213637746850e-01
5.554762708001483862e-01 2.721250846362275322e-01
5.516077421028828809e-01 2.756228335706237820e-01
5.477628275490827869e-01 2.790991690890311516e-01
5.439409145993822081e-01 2.825547488910568616e-01
5.401413308455422779e-01 2.859901821122394772e-01
5.363633455095436764e-01 2.894060272186762539e-01
5.326063799188086589e-01 2.928029047929328055e-01
5.288697445346849380e-01 2.961813580602931650e-01
5.251528487161407632e-01 2.995419668997172935e-01
5.214550957286551158e-01 3.028852920280691863e-01
5.177758831059372513e-01 3.062118749714305976e-01
5.141146030113348253e-01 3.095222380418988228e-01
5.104706425988587704e-01 3.128168843198577687e-01
5.068434855240424586e-01 3.160963607247742613e-01
5.032325588335500033e-01 3.193611661574613514e-01
4.996373346714136909e-01 3.226118141520281646e-01
4.960572296938335346e-01 3.258487693722328937e-01
4.924917057778475105e-01 3.290725118576926511e-01
4.889402690407163021e-01 3.322835389581588750e-01
4.854024197799493012e-01 3.354823333527652829e-01
4.818775552081824842e-01 3.386692944650033232e-01
4.783652633949170285e-01 3.418449425377700357e-01
4.748650287917279833e-01 3.450097160326082157e-01
4.713762831491231098e-01 3.481640031956222403e-01
4.678986455046663662e-01 3.513083190960137880e-01
4.644315851501877312e-01 3.544430599660939318e-01
4.609746615754732324e-01 3.575686802142742371e-01
4.575273346154535847e-01 3.606855484970856174e-01
4.540892001560838387e-01 3.637941303373395385e-01
4.506598010944338206e-01 3.668948430559232365e-01
4.472386290021820310e-01 3.699880538918305373e-01
4.438253083375864882e-01 3.730742315717135438e-01
4.404193655232777616e-01 3.761537580986431539e-01
4.370203221888078193e-01 3.792270032478868291e-01
4.336277400888566835e-01 3.822943639481676259e-01
4.302412197566140017e-01 3.853562659982784355e-01
4.268603550306637739e-01 3.884131256351766592e-01
4.234846456709275286e-01 3.914652685377662533e-01
4.201136745042068354e-01 3.945130895358096579e-01
4.167470612871534974e-01 3.975570148453518304e-01
4.133843756324017127e-01 4.005974207265839415e-01
4.100251387740385667e-01 4.036346317157510910e-01
4.066689939607819881e-01 4.066690874848625792e-01
4.033154925824114501e-01 4.097011353665978572e-01
3.999642635438621641e-01 4.127311981839323352e-01
3.966148043389584044e-01 4.157595617941353128e-01
3.932668126766952210e-01 4.187867177501704563e-01
3.899197735075504156e-01 4.218129335589612117e-01
3.865732886270083490e-01 4.248385972928866439e-01
3.832270318831029199e-01 4.278641778709179611e-01
3.798804698696592319e-01 4.308899150926590038e-01
3.765333005151744739e-01 4.339163069761884928e-01
3.731850168169284498e-01 4.369436203406528163e-01
3.698352609918701406e-01 4.399722936935707707e-01
3.664836274850303277e-01 4.430027135530230642e-01
3.631296648515526249e-01 4.460352128084187906e-01
3.597729522103496613e-01 4.490701621593242709e-01
3.564130975342327257e-01 4.521079714764818513e-01
3.530496628428591022e-01 4.551489969271890756e-01
3.496822384600565270e-01 4.581936341621712927e-01
3.463104054641469864e-01 4.612422719428742601e-01
3.429337357718628132e-01 4.642952919927532118e-01
3.395517922242937692e-01 4.673530688494305640e-01
3.361641633297771103e-01 4.704160182125947665e-01
3.327703928982137516e-01 4.734845006203196038e-01
3.293698803654378504e-01 4.765586728359357815e-01
-2.092047923123034892e-01 4.538000629650255080e-01
-2.119443416773623690e-01 4.504044444889467314e-01
-2.161788749993623360e-01 4.501912854563659416e-01
-2.204414329723798083e-01 4.499767457565760909e-01
-2.247327998732200904e-01 4.497607313842527654e-01
-2.290538075629007242e-01 4.495432092765392906e-01
-2.334053245588233183e-01 4.493241790606820052e-01
-2.377881740944917111e-01 4.491035136936011307e-01
-2.422032994506161940e-01 4.488812761324397771e-01
-2.466515708418525188e-01 4.486573490312775747e-01
-2.511339536147291218e-01 4.484317498513748501e-01
-2.556513663441947748e-01 4.482043683102023834e-01
-2.602047661714718685e-01 4.479751230253811167e-01
-2.647952111203225045e-01 4.477440626949471536e-01
-2.694237120021537035e-01 4.475111069067531644e-01
-2.740912902312297450e-01 4.472761498520512191e-01
-2.787990404695031565e-01 4.470391611860070613e-01
-2.835480702700568512e-01 4.468000825997055503e-01
-2.883395642533117531e-01 4.465589276279886555e-01
-2.931746239143296906e-01 4.463155296727165933e-01
-2.980544930309014240e-01 4.460698924108781882e-01
-3.029803974283125645e-01 4.458219377866406985e-01
-3.079536102530534558e-01 4.455716049997664463e-01
-3.129754190605678610e-01 4.453188000392115931e-01
-3.180471945380103360e-01 4.450634922884050826e-01
-3.231703236389044664e-01 4.448056149704411877e-01
-3.283462089393292538e-01 4.445450647215674067e-01
-3.335763395622935445e-01 4.442817965040142258e-01
-3.388622219293780935e-01 4.440157256084435455e-01
-3.442054155823076611e-01 4.437467742947564520e-01
-3.496074974073298258e-01 4.434748230961532145e-01
-3.550701726881071996e-01 4.431998499071805875e-01
-3.605951292848988410e-01 4.429217402266051873e-01
-3.661841489703871466e-01 4.426404258938888003e-01
-3.718390334980767875e-01 4.423557903522534751e-01
-3.775616424355248690e-01 4.420677134422442700e-01
-3.833539721817618151e-01 4.417761593941578191e-01
-3.892179632468850126e-01 4.414809481229872157e-01
-3.951557741212130548e-01 4.411820685314264412e-01
-4.011695081961092479e-01 4.408793615386403242e-01
-4.072613710560413214e-01 4.405726976682708407e-01
-4.134337136477286290e-01 4.402620167254464034e-01
-4.196888716924346285e-01 4.399471498379495804e-01
-4.260293287112918437e-01 4.396279916107202479e-01
-4.324575944127264093e-01 4.393043671519372140e-01
-4.389764141456030111e-01 4.389762421088085897e-01
-4.455884785126513759e-01 4.386434209789383254e-01
-4.522966326812701832e-01 4.383057570689640192e-01
-4.591038367246324525e-01 4.379631055750631274e-01
-4.660131238995476877e-01 4.376152786103749137e-01
-4.730277757607659894e-01 4.372622045329241369e-01
-4.801510198746111180e-01 4.369036377183329045e-01
-4.873863357273264252e-01 4.365394395059539190e-01
-4.947372819487753648e-01 4.361694109582928691e-01
-5.022075860276677961e-01 4.357933683101348210e-01
-5.098011469864958123e-01 4.354111367324043913e-01
-5.175219466616927111e-01 4.350224673117422669e-01
-5.253742787256472369e-01 4.346272242225305282e-01
-5.333624318800918029e-01 4.342251094612279427e-01
-5.414910116638549376e-01 4.338159244437938544e-01
-5.497648064317794958e-01 4.333994472721574009e-01
-5.581887891553453107e-01 4.329754260656343279e-01
-5.667680716900372895e-01 4.325435360685565001e-01
-5.755081908497458043e-01 4.321035894521705334e-01
-5.844147811586256624e-01 4.316552712150712456e-01
-5.919278315154336001e-01 4.300605585673698550e-01
-5.915590411867879261e-01 4.227341510605635566e-01
-5.911948133696688368e-01 4.154984929991156761e-01
-5.908350406747469030e-01 4.083510469302660262e-01
-5.904795498732516856e-01 4.012893101781414562e-01
-5.901283010144382501e-01 3.943109484660492492e-01
-5.897810945852621778e-01 3.874135929142922263e-01
-5.894378701871839654e-01 3.805950390075146239e-01
-5.890985111482602843e-01 3.738531120367930005e-01
-5.887628452825888203e-01 3.671856680843243459e-01
-5.884308997707078381e-01 3.605907507115078681e-01
-5.881024995084799256e-01 3.540663359684737554e-01
-5.877775206744714209e-01 3.476104909797613773e-01
-5.874558938487455251e-01 3.412213707999207646e-01
-5.871375552747950533e-01 3.348971856690987070e-01
-5.868223966558451243e-01 3.286361706470750099e-01
-5.865103180156312490e-01 3.224366150945665033e-01
-5.862012294578234917e-01 3.162968613732827783e-01
-5.858951055643413230e-01 3.102153313994772676e-01
-5.855918294840607441e-01 3.041904407686954470e-01
-5.852913517275121214e-01 2.982206826718012405e-01
-5.849935329019225749e-01 2.923045444517147762e-01
-5.846983573066171225e-01 2.864406152101198755e-01
-5.844057216425532220e-01 2.806274769107836020e-01
-5.841155962813511238e-01 2.748637831973688717e-01
-5.838279195022985091e-01 2.691482058176521974e-01
-5.835425436294204848e-01 2.634794106315123119e-01
-5.832595071193490410e-01 2.578561807798162575e-01
-5.829786559058570683e-01 2.522772429383842163e-01
-5.827000252252807488e-01 2.467414369314638867e-01
-5.824234582510142699e-01 2.412475479319825811e-01
-5.821489905080059479e-01 2.357944700342993749e-01
-5.818764658903056164e-01 2.303810444435124838e-01
-5.816059235687983664e-01 2.250062169685093094e-01
-5.813372672423934295e-01 2.196689033103769173e-01
-5.810704315790861108e-01 2.143680557248169305e-01
-5.808053834086455147e-01 2.091026612291782827e-01
-5.805420666313129141e-01 2.038717200348124647e-01
-5.802804025506281826e-01 1.986742459156360108e-01
-5.800204598342444395e-01 1.935093231613694564e-01
-5.797620602411486246e-01 1.883759713328953533e-01
-5.795051738183434331e-01 1.832732803062744609e-01
-5.792498074398030328e-01 1.782003688740158021e-01
-5.789959486670761546e-01 1.731563657450098936e-01
-5.787434515291562942e-01 1.681403765887051205e-01
-5.784923223279874183e-01 1.631515697291563149e-01
-5.782424918841551076e-01 1.581891067805064333e-01
-5.779939880021567333e-01 1.532521910138359145e-01
-5.777467059958574236e-01 1.483400038193046500e-01
-5.775006391331548583e-01 1.434517669827400088e-01
-5.772557641102044057e-01 1.385867105843652525e-01
-5.770119831973727909e-01 1.337440597933013953e-01
-5.767692984417363000e-01 1.289230764064680512e-01
-5.765276963850216596e-01 1.241230294397874245e-01
-5.762870898825209753e-01 1.193431832752658434e-01
-5.760474932037075169e-01 1.145828350706054044e-01
-5.758087889591773090e-01 1.098412657239599827e-01
-5.755710205735748985e-01 1.051177982359332991e-01
-5.753341588848468469e-01 1.004117500335255514e-01
-5.750981018783558607e-01 9.572243548222354736e-02
-5.748628510904456590e-01 9.104919637750465145e-02
-5.746283946434718182e-01 8.639137980657790594e-02
-5.743946483711193096e-01 8.174832994701287936e-02
-5.741616328579763895e-01 7.711941438386771264e-02
-5.739293559519232923e-01 7.250400472389893769e-02
-5.736976352959171077e-01 6.790145576321843235e-02
-5.734665715961526633e-01 6.331116497215875938e-02
-5.732361350214971729e-01 5.873251852486480185e-02
-5.730061647847202178e-01 5.416489612898336276e-02
-5.727767845120468326e-01 4.960771186631697527e-02
-5.725478686099144676e-01 4.506036062206970894e-02
-5.723194577675173589e-01 4.052225705305975006e-02
-5.720914621486618001e-01 3.599281004233300524e-02
-5.718638397105904048e-01 3.147143736256360902e-02
-5.716366559879907383e-01 2.695756631369133210e-02
-5.714097865931222486e-01 2.245061750937243569e-02
-5.711832148638275042e-01 1.795002141490034675e-02
-5.709569725362605430e-01 1.345521242569899800e-02
-5.707309610596047467e-01 8.965623876880376292e-03
-5.705051899779636226e-01 4.480694753513598215e-03
-5.702796578407127726e-01 -1.348337241385781169e-07
